5.882535965554679547e-04 0.000000000000000000e+00
1.764760789666403647e-03 0.000000000000000000e+00
2.941267982777339123e-03 0.000000000000000000e+00
4.117775175888275033e-03 0.000000000000000000e+00
5.294282368999211376e-03 0.000000000000000000e+00
6.470789562110145984e-03 0.000000000000000000e+00
7.647296755221082327e-03 0.000000000000000000e+00
8.823803948332018671e-03 0.000000000000000000e+00
1.000031114144295415e-02 0.000000000000000000e+00
1.117681833455389136e-02 0.000000000000000000e+00
1.235332552766482683e-02 0.000000000000000000e+00
1.352983272077576057e-02 0.000000000000000000e+00
1.470633991388669605e-02 0.000000000000000000e+00
1.588284710699763153e-02 0.000000000000000000e+00
1.705935430010856874e-02 0.000000000000000000e+00
1.823586149321950595e-02 0.000000000000000000e+00
1.941236868633043969e-02 0.000000000000000000e+00
2.058887587944137690e-02 0.000000000000000000e+00
2.176538307255231411e-02 0.000000000000000000e+00
2.294189026566324785e-02 0.000000000000000000e+00
2.411839745877418506e-02 0.000000000000000000e+00
2.529490465188512227e-02 0.000000000000000000e+00
2.647141184499605948e-02 0.000000000000000000e+00
2.764791903810698975e-02 0.000000000000000000e+00
2.882442623121792696e-02 0.000000000000000000e+00
3.000093342432886070e-02 0.000000000000000000e+00
3.117744061743979792e-02 0.000000000000000000e+00
3.235394781055073166e-02 0.000000000000000000e+00
3.353045500366166887e-02 0.000000000000000000e+00
3.470696219677260608e-02 0.000000000000000000e+00
3.588346938988354329e-02 0.000000000000000000e+00
3.705997658299448050e-02 0.000000000000000000e+00
3.823648377610541771e-02 0.000000000000000000e+00
3.941299096921634798e-02 0.000000000000000000e+00
4.058949816232728519e-02 0.000000000000000000e+00
4.176600535543822240e-02 0.000000000000000000e+00
4.294251254854915961e-02 0.000000000000000000e+00
4.411901974166009682e-02 0.000000000000000000e+00
4.529552693477103403e-02 0.000000000000000000e+00
4.647203412788196430e-02 0.000000000000000000e+00
4.764854132099290152e-02 0.000000000000000000e+00
4.882504851410383873e-02 0.000000000000000000e+00
5.000155570721477594e-02 0.000000000000000000e+00
5.117806290032571315e-02 0.000000000000000000e+00
5.235457009343665036e-02 0.000000000000000000e+00
5.353107728654758063e-02 0.000000000000000000e+00
5.470758447965851784e-02 0.000000000000000000e+00
5.588409167276944811e-02 0.000000000000000000e+00
5.706059886588038532e-02 0.000000000000000000e+00
5.823710605899132253e-02 0.000000000000000000e+00
5.941361325210225280e-02 0.000000000000000000e+00
6.059012044521319001e-02 0.000000000000000000e+00
6.176662763832412723e-02 0.000000000000000000e+00
6.294313483143505750e-02 0.000000000000000000e+00
6.411964202454599471e-02 0.000000000000000000e+00
6.529614921765693192e-02 0.000000000000000000e+00
6.647265641076786913e-02 2.871911667796469852e+07
6.764916360387880634e-02 3.124518780472457781e+07
6.882567079698974355e-02 1.692106913271822035e+07
7.000217799010068076e-02 1.637966217722473107e+07
7.117868518321161797e-02 1.235917089524588361e+07
7.235519237632255518e-02 1.201424719912242517e+07
7.353169956943349239e-02 1.168036106127492152e+07
7.470820676254442960e-02 8.141108360342574306e+06
7.588471395565536681e-02 1.270866284347851016e+07
7.706122114876629015e-02 7.725756690461400896e+06
7.823772834187722736e-02 7.545604788777901791e+06
7.941423553498816457e-02 7.370790721218356863e+06
8.059074272809910178e-02 7.201080714025514200e+06
8.176724992121003899e-02 7.036254448046856560e+06
8.294375711432097620e-02 6.876104104507307522e+06
8.412026430743191341e-02 6.720433490856977180e+06
8.529677150054285062e-02 7.940914919238370843e+06
8.647327869365378783e-02 6.413978144186181948e+06
8.764978588676472504e-02 3.801360846066775732e+06
8.882629307987566225e-02 6.155740671690648422e+06
9.000280027298659946e-02 6.019661123413760215e+06
9.117930746609753667e-02 5.887093305414984934e+06
9.235581465920846000e-02 3.496340495627380908e+06
9.353232185231939722e-02 6.848316332827229984e+06
9.470882904543033443e-02 3.353769186993979383e+06
9.588533623854127164e-02 5.427446306061025709e+06
9.706184343165220885e-02 5.310091262696754187e+06
9.823835062476314606e-02 3.157537647201665211e+06
9.941485781787408327e-02 5.105485873224164359e+06
1.005913650109850205e-01 3.037953165417683311e+06
1.017678722040959577e-01 5.953822912516646087e+06
1.029443793972068949e-01 2.917264986165461596e+06
1.041208865903178321e-01 4.717522023296657018e+06
1.052973937834287693e-01 2.808394283702243119e+06
1.064739009765396927e-01 4.539577084825566038e+06
1.076504081696506299e-01 2.704282956210094038e+06
1.088269153627615671e-01 2.658887791444817092e+06
1.100034225558725043e-01 5.212940449877616018e+06
1.111799297489834415e-01 2.555162024919698481e+06
1.123564369420943648e-01 4.130934459031172562e+06
1.135329441352053020e-01 2.461693403697247617e+06
1.147094513283162392e-01 3.977797620024990290e+06
1.158859585214271765e-01 2.372020462524439674e+06
1.170624657145380998e-01 2.333158248985720798e+06
1.182389729076490370e-01 3.768673303023352753e+06
1.194154801007599742e-01 3.041649770058350638e+06
1.205919872938709114e-01 2.206538211080654990e+06
1.217684944869818486e-01 3.566117434779231902e+06
1.229450016800927858e-01 2.126897308494162746e+06
1.241215088732037231e-01 2.092568710455563851e+06
1.252980160663146603e-01 3.380371394376159646e+06
1.264745232594255975e-01 2.017270707487765932e+06
1.276510304525365347e-01 3.956026661346871872e+06
1.288275376456474719e-01 1.939472983572609955e+06
1.300040448387584091e-01 1.908393863498848164e+06
1.311805520318693463e-01 1.877872216430894332e+06
1.323570592249802835e-01 3.033488355984666850e+06
1.335335664180912207e-01 2.373497884302169830e+07
1.347100736112021580e-01 1.322949085793139786e+07
1.358865808043130952e-01 1.175407715385462716e+07
1.370630879974240324e-01 8.374461288969647139e+06
1.382395951905349696e-01 6.863708850428975187e+06
1.394161023836458790e-01 7.763487858752851374e+06
1.405926095767568162e-01 5.313240264203312807e+06
1.417691167698677535e-01 6.396068857980525121e+06
1.429456239629786907e-01 6.088856469753088430e+06
1.441221311560896279e-01 5.514456819086900912e+06
1.452986383492005651e-01 4.862773332202440128e+06
1.464751455423115023e-01 4.761836891741915606e+06
1.476516527354224395e-01 4.539739063796572387e+06
1.488281599285333767e-01 4.573841019152699970e+06
1.500046671216443139e-01 3.460290596335370094e+06
1.511811743147552511e-01 4.398855588737243786e+06
1.523576815078661884e-01 4.683641588149138726e+06
1.535341887009771256e-01 3.260915398009587545e+06
1.547106958940880628e-01 4.142860040556113701e+06
1.558872030871990000e-01 3.137064018141977023e+06
1.570637102803099372e-01 3.894755958433778491e+06
1.582402174734208744e-01 3.020315498378128745e+06
1.594167246665318116e-01 2.966627968711195048e+06
1.605932318596427488e-01 3.681960399205714930e+06
1.617697390527536860e-01 3.268842007225451525e+06
1.629462462458646232e-01 2.799424445208050311e+06
1.641227534389755605e-01 2.748859791324901395e+06
1.652992606320864977e-01 3.412641665310899727e+06
1.664757678251974349e-01 2.643373802246431354e+06
1.676522750183083721e-01 2.594968759623710532e+06
1.688287822114192815e-01 2.547238351741376333e+06
1.700052894045302188e-01 2.131747805634561926e+06
1.711817965976411560e-01 3.110448782500185538e+06
1.723583037907520932e-01 2.407171924022472464e+06
1.735348109838630304e-01 2.362009098968141712e+06
1.747113181769739676e-01 2.317454527449896093e+06
1.758878253700849048e-01 2.211967018495701253e+06
1.770643325631958420e-01 2.233177654138289392e+06
1.782408397563067792e-01 2.505323716116809286e+06
1.794173469494177164e-01 2.144325481634248979e+06
1.805938541425286537e-01 2.044212849969143746e+06
1.817703613356395909e-01 2.064471686541915638e+06
1.829468685287505281e-01 2.023836210927553941e+06
1.841233757218614653e-01 1.401828827217925340e+06
1.852998829149724025e-01 1.952873833331483882e+06
1.864763901080833397e-01 2.129167346632612869e+06
1.876528973011942769e-01 1.874319479094700422e+06
1.888294044943052141e-01 1.836134655103510246e+06
1.900059116874161513e-01 1.268721007915235823e+06
1.911824188805270885e-01 2.233840572739796713e+06
1.923589260736380258e-01 1.216632193516810657e+06
1.935354332667489630e-01 1.699221578821218107e+06
1.947119404598599002e-01 1.895991978672287427e+06
1.958884476529708374e-01 1.143607652234329842e+06
1.970649548460817746e-01 2.014764325022502569e+06
1.982414620391926841e-01 1.094549524977470981e+06
1.994179692323036213e-01 2.570312100642673206e+06
2.005944764254145585e-01 1.424296767439109273e+07
2.017709836185254957e-01 6.416883430453583598e+06
2.029474908116364329e-01 5.545812534086579457e+06
2.041239980047473701e-01 5.043978200143354945e+06
2.053005051978583073e-01 3.742031124804317951e+06
2.064770123909692445e-01 3.513020199389595073e+06
2.076535195840801817e-01 3.553701972051914781e+06
2.088300267771911189e-01 3.671659865217004437e+06
2.100065339703020562e-01 2.377589000162673648e+06
2.111830411634129934e-01 3.186194518316301052e+06
2.123595483565239306e-01 2.428961086126572918e+06
2.135360555496348678e-01 3.037686423840484116e+06
2.147125627427458050e-01 2.453375570557143539e+06
2.158890699358567422e-01 2.451911199771035463e+06
2.170655771289676794e-01 2.060333086435249541e+06
2.182420843220786166e-01 1.593635959423636086e+06
2.194185915151895538e-01 2.299645822427728679e+06
2.205950987083004911e-01 2.313750316805285402e+06
2.217716059014114283e-01 2.185578509750278667e+06
2.229481130945223655e-01 1.445318297895210795e+06
2.241246202876333027e-01 2.088995850767025491e+06
2.253011274807442399e-01 1.379787493456637254e+06
2.264776346738551216e-01 1.934689043855432188e+06
2.276541418669660588e-01 1.588954245264017023e+06
2.288306490600769960e-01 1.383925673599823611e+06
2.300071562531879332e-01 1.855596565155878430e+06
2.311836634462988704e-01 1.218285649438811932e+06
2.323601706394098076e-01 1.378040927009223728e+06
2.335366778325207449e-01 1.404116240192648489e+06
2.347131850256316821e-01 1.131379636447526747e+06
2.358896922187426193e-01 1.643587263610441703e+06
2.370661994118535565e-01 1.072216997603400145e+06
2.382427066049644937e-01 1.118025339348196983e+06
2.394192137980754309e-01 1.382047587631013477e+06
2.405957209911863681e-01 9.867673394524850883e+05
2.417722281842973053e-01 9.623821933274193434e+05
2.429487353774082425e-01 1.135345722016982967e+06
2.441252425705191798e-01 9.109922245954665123e+05
2.453017497636301170e-01 1.006439718448586296e+06
2.464782569567410542e-01 1.087254981916308170e+06
2.476547641498519914e-01 8.302759263872085139e+05
2.488312713429629008e-01 8.073224695756919682e+05
2.500077785360738658e-01 9.501595445136686321e+05
2.511842857291847753e-01 7.588292655270888936e+05
2.523607929222957402e-01 7.493950722037213854e+05
2.535373001154066497e-01 7.112361673540981719e+05
2.547138073085176146e-01 7.132619721756211948e+05
2.558903145016285241e-01 8.046117107436788501e+05
2.570668216947394891e-01 6.404276809827336110e+05
2.582433288878503985e-01 4.745966093666337547e+05
2.594198360809613635e-01 7.232672915435963077e+05
2.605963432740722729e-01 5.741327944932433311e+05
2.617728504671832379e-01 5.534653204090106301e+05
2.629493576602941474e-01 5.355551009277999401e+05
2.641258648534050568e-01 4.373936597668775939e+05
2.653023720465160218e-01 5.221368785290452652e+05
2.664788792396269312e-01 4.134285999525700230e+06
2.676553864327378962e-01 3.699649982455159072e+06
2.688318936258488057e-01 2.458658531374591403e+06
2.700084008189597706e-01 1.929898847056995844e+06
2.711849080120706801e-01 1.733962880424899049e+06
2.723614152051816450e-01 1.441376280061613303e+06
2.735379223982925545e-01 1.347147359202824300e+06
2.747144295914035195e-01 1.373878339309071423e+06
2.758909367845144289e-01 9.414328313563410193e+05
2.770674439776253939e-01 1.053638149638861651e+06
2.782439511707363033e-01 1.022929135388571071e+06
2.794204583638472683e-01 9.169535131953933742e+05
2.805969655569581778e-01 9.632478727904824773e+05
2.817734727500691427e-01 6.529265800629876321e+05
2.829499799431800522e-01 9.514127207133431220e+05
2.841264871362910172e-01 7.275070013808632502e+05
2.853029943294019266e-01 5.955371449421086581e+05
2.864795015225128916e-01 7.158651061191862682e+05
2.876560087156238010e-01 5.596275109793449519e+05
2.888325159087347660e-01 6.453995811212647241e+05
2.900090231018456755e-01 6.241229432876878418e+05
2.911855302949566404e-01 5.240405025653491030e+05
2.923620374880675499e-01 5.830088000521002105e+05
2.935385446811784593e-01 4.755980939369571279e+05
2.947150518742894243e-01 4.232082731094542542e+05
2.958915590674003337e-01 4.471279551360473852e+05
2.970680662605112987e-01 3.943551053905768204e+05
2.982445734536222082e-01 4.218285236405893229e+05
2.994210806467331731e-01 4.825190055702974787e+05
3.005975878398440826e-01 2.889183205476715812e+05
3.017740950329550476e-01 3.487572026995658525e+05
3.029506022260659570e-01 3.777670613153122831e+05
3.041271094191769220e-01 3.264874339771668310e+05
3.053036166122878314e-01 3.562457112200181000e+05
3.064801238053987964e-01 3.045596194769928115e+05
3.076566309985097059e-01 2.418365587639102596e+05
3.088331381916206708e-01 2.847180542053378304e+05
3.100096453847315803e-01 3.168013030517136212e+05
3.111861525778425452e-01 2.634376877866169089e+05
3.123626597709534547e-01 2.122083715611275111e+05
3.135391669640644197e-01 2.442025394923253916e+05
3.147156741571753291e-01 1.985862373760019836e+05
3.158921813502862941e-01 2.252539483420829347e+05
3.170686885433972035e-01 2.611100636968033214e+05
3.182451957365081685e-01 2.048852655101968849e+05
3.194217029296190780e-01 1.702500222128815949e+05
3.205982101227300429e-01 1.865033859656983404e+05
3.217747173158408969e-01 1.572335534895741439e+05
3.229512245089519173e-01 1.683893662324129255e+05
3.241277317020627713e-01 1.444060716079844278e+05
3.253042388951737918e-01 1.505373938008748228e+05
3.264807460882846457e-01 1.317634903661293210e+05
3.276572532813956662e-01 1.263360182518644433e+05
3.288337604745065201e-01 1.258840110309275478e+05
3.300102676676175406e-01 1.139574935178090236e+05
3.311867748607283946e-01 1.086511170099068986e+05
3.323632820538394150e-01 5.209817084438039456e+04
3.335397892469502690e-01 1.013953184491943975e+05
3.347162964400612895e-01 9.780567469727773278e+04
3.358928036331721434e-01 9.424117731139904936e+04
3.370693108262831639e-01 9.070156297882489162e+04
3.382458180193940178e-01 8.718657205030346813e+04
3.394223252125050383e-01 8.369594847657243372e+04
3.405988324056158922e-01 4.051189531737967627e+04
3.417753395987269127e-01 7.837002974882793205e+04
3.429518467918377667e-01 7.494557568803918548e+04
3.441283539849487871e-01 7.154453669775155140e+04
3.453048611780596411e-01 6.816667344163966482e+04
3.464813683711706616e-01 3.279630714497948793e+04
3.476578755642815155e-01 6.303597685842505598e+04
3.488343827573925360e-01 5.972098763134404726e+04
3.500108899505033899e-01 5.642828404612578015e+04
3.511873971436144104e-01 5.315764212647009845e+04
3.523639043367252643e-01 2.533833460437898611e+04
3.535404115298362848e-01 4.821220858999896154e+04
3.547169187229471388e-01 4.500136103589916456e+04
3.558934259160581592e-01 2.128597786048806665e+04
3.570699331091690132e-01 4.015855966677746619e+04
3.582464403022800337e-01 3.700579484366459656e+04
3.594229474953908876e-01 3.387367005212693766e+04
3.605994546885018526e-01 1.575613777193549686e+04
3.617759618816127620e-01 2.916623969908338768e+04
3.629524690747237270e-01 2.608998501943938390e+04
3.641289762678346364e-01 1.188831442935174709e+04
3.653054834609456014e-01 2.147817354280325890e+04
3.664819906540565109e-01 1.845622650423538289e+04
3.676584978471674758e-01 8.094753294945604466e+03
3.688350050402783853e-01 1.393724740865290187e+04
3.700115122333893503e-01 1.096810408153129720e+04
3.711880194265002597e-01 4.373335953903762856e+03
3.723645266196112247e-01 6.539277220173635214e+03
3.735410338127220786e-01 2.172893690482893362e+03
3.747175410058330991e-01 2.166071418299273319e+03
