15
16
FAST_hrx_opt
16
[0.05215259 0.06797444 0.08427939 0.10108992 0.11842992 0.1363248
 0.15480163 0.17388926 0.19361849 0.21402222 0.23513565 0.25699646
 0.27964505 0.30312477 0.32748224 0.35276762]
22
23
MeerKATb1_hrx_opt
23
[0.39941478 0.42754372 0.45682667 0.48733613 0.5191508  0.55235628
 0.58704581 0.62332114 0.66129357 0.70108503 0.74282945 0.78667421
 0.83278194 0.88133245 0.93252517 0.98658182 1.04374964 1.10430519
 1.16855878 1.23685984 1.30960325 1.38723697 1.44897586]
26
27
MeerKATb2_hrx_opt
27
[2.85915493e-04 1.45757143e-02 2.92797101e-02 4.44161765e-02
 6.00044776e-02 7.60651515e-02 9.26200000e-02 1.09692187e-01
 1.27306349e-01 1.45488710e-01 1.64267213e-01 1.83671667e-01
 2.03733898e-01 2.24487931e-01 2.45970175e-01 2.68219643e-01
 2.91278182e-01 3.15190741e-01 3.40005660e-01 3.65775000e-01
 3.92554902e-01 4.20406000e-01 4.49393878e-01 4.79589583e-01
 5.11070213e-01 5.43919565e-01 5.78228889e-01]
[1339.54237722 1319.5469635  1299.55151501 1279.55603011 1259.56050706
 1239.56494402 1219.56933902 1199.57368996 1179.57799461 1159.58225057
 1139.58645528 1119.59060599 1099.59469975 1079.5987334  1059.60270355]
FAST_hrx_opt
16
[0.05215259 0.06797444 0.08427939 0.10108992 0.11842992 0.1363248
 0.15480163 0.17388926 0.19361849 0.21402222 0.23513565 0.25699646
 0.27964505 0.30312477 0.32748224 0.35276762]
[1004.61326302  984.61695991  964.62057309  944.62409723  924.62752656
  904.63085479  884.63407506  864.6371799   844.6401611   824.64300967
  804.64571572  784.64826837  764.65065558  744.65286402  724.65487891
  704.65668377  684.65826019  664.65958759  644.66064277  624.66139963
  604.66182856  587.23635535]
MeerKATb1_hrx_opt
23
[0.39941478 0.42754372 0.45682667 0.48733613 0.5191508  0.55235628
 0.58704581 0.62332114 0.66129357 0.70108503 0.74282945 0.78667421
 0.83278194 0.88133245 0.93252517 0.98658182 1.04374964 1.10430519
 1.16855878 1.23685984 1.30960325 1.38723697 1.44897586]
[1409.52607267 1389.53076918 1369.5354359  1349.54007151 1329.54467461
 1309.5492437  1289.55377722 1269.55827346 1249.56273066 1229.56714689
 1209.57152013 1189.57584822 1169.58012884 1149.5843595  1129.58853756
 1109.59266018 1089.5967243  1069.60072664 1049.60466367 1029.60853159
 1009.61232629  989.61604334  969.61967793  949.62322485  929.62667845
  909.63003257]
MeerKATb2_hrx_opt
27
[2.85915493e-04 1.45757143e-02 2.92797101e-02 4.44161765e-02
 6.00044776e-02 7.60651515e-02 9.26200000e-02 1.09692187e-01
 1.27306349e-01 1.45488710e-01 1.64267213e-01 1.83671667e-01
 2.03733898e-01 2.24487931e-01 2.45970175e-01 2.68219643e-01
 2.91278182e-01 3.15190741e-01 3.40005660e-01 3.65775000e-01
 3.92554902e-01 4.20406000e-01 4.49393878e-01 4.79589583e-01
 5.11070213e-01 5.43919565e-01 5.78228889e-01]
[1147.16656068 1142.16796602 1137.16937115 1132.17077607 1127.17218077
 1122.17358526 1117.17498952 1112.17639356 1107.17779737 1102.17920096
 1097.18060431 1092.18200742 1087.18341029 1082.18481292 1077.18621531
 1072.18761744 1067.18901932 1062.19042095 1057.19182231 1052.19322341]
FASThighz_hrx_opt_n_5
21
[0.23513565 0.24052926 0.24597018 0.25145903 0.25699646 0.26258311
 0.26821964 0.27390673 0.27964505 0.28543529 0.29127818 0.29717443
 0.30312477 0.30912995 0.31519074 0.32130791 0.32748224 0.33371455
 0.34000566 0.3463564  0.35276762]
[1144.65089251 1134.65355854 1124.65622114 1114.65888023 1104.66153572
 1094.6641875  1084.66683547 1074.66947953 1064.67211957 1054.67475546]
FASThighz_hrx_opt_n_10
11
[0.23513565 0.24597018 0.25699646 0.26821964 0.27964505 0.29127818
 0.30312477 0.31519074 0.32748224 0.34000566 0.35276762]
[1004.61326302  984.61695991  973.72057151]
MeerKAT10hrs_hrx_opt
4
[0.39941478 0.42754372 0.45682667 0.45982117]
[1012.20442223 1007.20582078 1002.20721901  997.20861694  992.21001456
  987.21141185  982.21280882  977.21420546  973.72057151]
MeerKAT10hrs_hrx_opt_n_5
10
[0.39941478 0.40634257 0.4133393  0.420406   0.42754372 0.43475354
 0.44203655 0.44939388 0.45682667 0.45982117]
[1147.16656068 1142.16796602 1137.16937115 1132.17077607 1127.17218077
 1122.17358526 1117.17498952 1112.17639356 1107.17779737 1102.17920096
 1097.18060431 1092.18200742 1087.18341029 1082.18481292 1077.18621531
 1072.18761744 1067.18901932 1062.19042095 1057.19182231 1052.19322341]
FASThighz_hrx_opt_n_5
21
[0.23513565 0.24052926 0.24597018 0.25145903 0.25699646 0.26258311
 0.26821964 0.27390673 0.27964505 0.28543529 0.29127818 0.29717443
 0.30312477 0.30912995 0.31519074 0.32130791 0.32748224 0.33371455
 0.34000566 0.3463564  0.35276762]
[1339.54237722 1319.5469635  1299.55151501 1279.55603011 1259.56050706
 1239.56494402 1219.56933902 1199.57368996 1179.57799461 1159.58225057
 1139.58645528 1119.59060599 1099.59469975 1079.5987334  1059.60270355]
FAST_hrx_opt
16
[0.05215259 0.06797444 0.08427939 0.10108992 0.11842992 0.1363248
 0.15480163 0.17388926 0.19361849 0.21402222 0.23513565 0.25699646
 0.27964505 0.30312477 0.32748224 0.35276762]
[1004.61326302  984.61695991  964.62057309  944.62409723  924.62752656
  904.63085479  884.63407506  864.6371799   844.6401611   824.64300967
  804.64571572  784.64826837  764.65065558  744.65286402  724.65487891
  704.65668377  684.65826019  664.65958759  644.66064277  624.66139963
  604.66182856  587.23635535]
MeerKATb1_hrx_opt
23
[0.39941478 0.42754372 0.45682667 0.48733613 0.5191508  0.55235628
 0.58704581 0.62332114 0.66129357 0.70108503 0.74282945 0.78667421
 0.83278194 0.88133245 0.93252517 0.98658182 1.04374964 1.10430519
 1.16855878 1.23685984 1.30960325 1.38723697 1.44897586]
[1409.52607267 1389.53076918 1369.5354359  1349.54007151 1329.54467461
 1309.5492437  1289.55377722 1269.55827346 1249.56273066 1229.56714689
 1209.57152013 1189.57584822 1169.58012884 1149.5843595  1129.58853756
 1109.59266018 1089.5967243  1069.60072664 1049.60466367 1029.60853159
 1009.61232629  989.61604334  969.61967793  949.62322485  929.62667845
  909.63003257]
MeerKATb2_hrx_opt
27
[2.85915493e-04 1.45757143e-02 2.92797101e-02 4.44161765e-02
 6.00044776e-02 7.60651515e-02 9.26200000e-02 1.09692187e-01
 1.27306349e-01 1.45488710e-01 1.64267213e-01 1.83671667e-01
 2.03733898e-01 2.24487931e-01 2.45970175e-01 2.68219643e-01
 2.91278182e-01 3.15190741e-01 3.40005660e-01 3.65775000e-01
 3.92554902e-01 4.20406000e-01 4.49393878e-01 4.79589583e-01
 5.11070213e-01 5.43919565e-01 5.78228889e-01]
[1339.54237722 1319.5469635  1299.55151501 1279.55603011 1259.56050706
 1239.56494402 1219.56933902 1199.57368996 1179.57799461 1159.58225057
 1139.58645528 1119.59060599 1099.59469975 1079.5987334  1059.60270355]
FAST_hrx_opt
16
[0.05215259 0.06797444 0.08427939 0.10108992 0.11842992 0.1363248
 0.15480163 0.17388926 0.19361849 0.21402222 0.23513565 0.25699646
 0.27964505 0.30312477 0.32748224 0.35276762]
[1004.61326302  984.61695991  964.62057309  944.62409723  924.62752656
  904.63085479  884.63407506  864.6371799   844.6401611   824.64300967
  804.64571572  784.64826837  764.65065558  744.65286402  724.65487891
  704.65668377  684.65826019  664.65958759  644.66064277  624.66139963
  604.66182856  587.23635535]
MeerKATb1_hrx_opt
23
[0.39941478 0.42754372 0.45682667 0.48733613 0.5191508  0.55235628
 0.58704581 0.62332114 0.66129357 0.70108503 0.74282945 0.78667421
 0.83278194 0.88133245 0.93252517 0.98658182 1.04374964 1.10430519
 1.16855878 1.23685984 1.30960325 1.38723697 1.44897586]
[1409.52607267 1389.53076918 1369.5354359  1349.54007151 1329.54467461
 1309.5492437  1289.55377722 1269.55827346 1249.56273066 1229.56714689
 1209.57152013 1189.57584822 1169.58012884 1149.5843595  1129.58853756
 1109.59266018 1089.5967243  1069.60072664 1049.60466367 1029.60853159
 1009.61232629  989.61604334  969.61967793  949.62322485  929.62667845
  909.63003257]
MeerKATb2_hrx_opt
27
[2.85915493e-04 1.45757143e-02 2.92797101e-02 4.44161765e-02
 6.00044776e-02 7.60651515e-02 9.26200000e-02 1.09692187e-01
 1.27306349e-01 1.45488710e-01 1.64267213e-01 1.83671667e-01
 2.03733898e-01 2.24487931e-01 2.45970175e-01 2.68219643e-01
 2.91278182e-01 3.15190741e-01 3.40005660e-01 3.65775000e-01
 3.92554902e-01 4.20406000e-01 4.49393878e-01 4.79589583e-01
 5.11070213e-01 5.43919565e-01 5.78228889e-01]
[1004.61326302  984.61695991  964.62057309  944.62409723  924.62752656
  904.63085479  884.63407506  864.6371799   844.6401611   824.64300967
  804.64571572  784.64826837  764.65065558  744.65286402  724.65487891
  704.65668377  684.65826019  664.65958759  644.66064277  624.66139963
  604.66182856  587.23635535]
iMeerKATb1_hrx_opt
23
[0.39941478 0.42754372 0.45682667 0.48733613 0.5191508  0.55235628
 0.58704581 0.62332114 0.66129357 0.70108503 0.74282945 0.78667421
 0.83278194 0.88133245 0.93252517 0.98658182 1.04374964 1.10430519
 1.16855878 1.23685984 1.30960325 1.38723697 1.44897586]
[1004.61326302  984.61695991  964.62057309  944.62409723  924.62752656
  904.63085479  884.63407506  864.6371799   844.6401611   824.64300967
  804.64571572  784.64826837  764.65065558  744.65286402  724.65487891
  704.65668377  684.65826019  664.65958759  644.66064277  624.66139963
  604.66182856  587.23635535]
cMeerKATb1_hrx_opt
23
[0.39941478 0.42754372 0.45682667 0.48733613 0.5191508  0.55235628
 0.58704581 0.62332114 0.66129357 0.70108503 0.74282945 0.78667421
 0.83278194 0.88133245 0.93252517 0.98658182 1.04374964 1.10430519
 1.16855878 1.23685984 1.30960325 1.38723697 1.44897586]
[1409.52607267 1389.53076918 1369.5354359  1349.54007151 1329.54467461
 1309.5492437  1289.55377722 1269.55827346 1249.56273066 1229.56714689
 1209.57152013 1189.57584822 1169.58012884 1149.5843595  1129.58853756
 1109.59266018 1089.5967243  1069.60072664 1049.60466367 1029.60853159
 1009.61232629  989.61604334  969.61967793  949.62322485  929.62667845
  909.63003257]
iMeerKATb2_hrx_opt
27
[2.85915493e-04 1.45757143e-02 2.92797101e-02 4.44161765e-02
 6.00044776e-02 7.60651515e-02 9.26200000e-02 1.09692187e-01
 1.27306349e-01 1.45488710e-01 1.64267213e-01 1.83671667e-01
 2.03733898e-01 2.24487931e-01 2.45970175e-01 2.68219643e-01
 2.91278182e-01 3.15190741e-01 3.40005660e-01 3.65775000e-01
 3.92554902e-01 4.20406000e-01 4.49393878e-01 4.79589583e-01
 5.11070213e-01 5.43919565e-01 5.78228889e-01]
[939.62496369 919.62836835 899.63167026 879.6348624  859.63793713
 839.64088604 819.64369995 799.64636871 779.64888118 759.651225
 739.6533865  719.6553505  699.65710005 679.65861625 659.65987787
 639.66086105 619.66153884 599.66188071 579.6618519  559.6614127 ]
yTIANLAI_hrx_opt
21
[0.49516421 0.52731828 0.56088571 0.5959618  0.63265057 0.67106588
 0.71133253 0.75358765 0.79798228 0.84468312 0.89387467 0.94576164
 1.00057183 1.05855942 1.12000896 1.18524    1.2546127  1.32853443
 1.4074678  1.49194035 1.58255636]
[939.62496369 919.62836835 899.63167026 879.6348624  859.63793713
 839.64088604 819.64369995 799.64636871 779.64888118 759.651225
 739.6533865  719.6553505  699.65710005 679.65861625 659.65987787
 639.66086105 619.66153884 599.66188071 579.6618519  559.6614127 ]
yTIANLAI_hrx_opt
21
[0.49516421 0.52731828 0.56088571 0.5959618  0.63265057 0.67106588
 0.71133253 0.75358765 0.79798228 0.84468312 0.89387467 0.94576164
 1.00057183 1.05855942 1.12000896 1.18524    1.2546127  1.32853443
 1.4074678  1.49194035 1.58255636]
[939.62496369 919.62836835 899.63167026 879.6348624  859.63793713
 839.64088604 819.64369995 799.64636871 779.64888118 759.651225
 739.6533865  719.6553505  699.65710005 679.65861625 659.65987787
 639.66086105 619.66153884 599.66188071 579.6618519  559.6614127 ]
yTIANLAI_hrx_opt
21
[0.49516421 0.52731828 0.56088571 0.5959618  0.63265057 0.67106588
 0.71133253 0.75358765 0.79798228 0.84468312 0.89387467 0.94576164
 1.00057183 1.05855942 1.12000896 1.18524    1.2546127  1.32853443
 1.4074678  1.49194035 1.58255636]
[1409.52607267 1389.53076918 1369.5354359  1349.54007151 1329.54467461
 1309.5492437  1289.55377722 1269.55827346 1249.56273066 1229.56714689
 1209.57152013 1189.57584822 1169.58012884 1149.5843595  1129.58853756
 1109.59266018 1089.5967243  1069.60072664 1049.60466367 1029.60853159]
yTIANLAIband2_hrx_opt
21
[2.85915493e-04 1.45757143e-02 2.92797101e-02 4.44161765e-02
 6.00044776e-02 7.60651515e-02 9.26200000e-02 1.09692187e-01
 1.27306349e-01 1.45488710e-01 1.64267213e-01 1.83671667e-01
 2.03733898e-01 2.24487931e-01 2.45970175e-01 2.68219643e-01
 2.91278182e-01 3.15190741e-01 3.40005660e-01 3.65775000e-01
 3.92554902e-01]
[1239.56494402 1219.56933902 1199.57368996 1179.57799461 1159.58225057
 1139.58645528 1119.59060599 1099.59469975 1079.5987334  1059.60270355
 1039.60660652 1019.61043836  999.61419481  979.61787126  959.62146269]
FAST_hrx_opt
16
[0.1363248  0.15480163 0.17388926 0.19361849 0.21402222 0.23513565
 0.25699646 0.27964505 0.30312477 0.32748224 0.35276762 0.37903495
 0.40634257 0.43475354 0.46433608 0.49516421]
[1339.54237722 1319.5469635  1299.55151501 1279.55603011 1259.56050706
 1239.56494402 1219.56933902 1199.57368996 1179.57799461 1159.58225057
 1139.58645528 1119.59060599 1099.59469975 1079.5987334  1059.60270355]
FAST_hrx_opt
16
[0.05215259 0.06797444 0.08427939 0.10108992 0.11842992 0.1363248
 0.15480163 0.17388926 0.19361849 0.21402222 0.23513565 0.25699646
 0.27964505 0.30312477 0.32748224 0.35276762]
[1139.58645528 1119.59060599 1099.59469975 1079.5987334  1059.60270355
 1039.60660652 1019.61043836  999.61419481  979.61787126  959.62146269
  939.62496369  919.62836835  899.63167026  879.6348624   859.63793713]
FAST_hrx_opt
16
[0.23513565 0.25699646 0.27964505 0.30312477 0.32748224 0.35276762
 0.37903495 0.40634257 0.43475354 0.46433608 0.49516421 0.52731828
 0.56088571 0.5959618  0.63265057 0.67106588]
[1139.58645528 1119.59060599 1099.59469975 1079.5987334  1059.60270355
 1039.60660652 1019.61043836  999.61419481  979.61787126  959.62146269
  939.62496369  919.62836835  899.63167026  879.6348624   859.63793713]
FAST_hrx_opt
16
[0.23513565 0.25699646 0.27964505 0.30312477 0.32748224 0.35276762
 0.37903495 0.40634257 0.43475354 0.46433608 0.49516421 0.52731828
 0.56088571 0.5959618  0.63265057 0.67106588]
[1344.59697153 1334.59969068 1324.60240773 1314.60512262 1304.60783532
 1294.61054577 1284.61325392 1274.61595971 1264.61866309 1254.621364
 1244.62406238 1234.62675817 1224.6294513  1214.63214172 1204.63482935
 1194.63751412 1184.64019597 1174.64287481 1164.64555057 1154.64822316
 1144.65089251 1134.65355854 1124.65622114 1114.65888023 1104.66153572
 1094.6641875  1084.66683547 1074.66947953 1064.67211957 1054.67475546]
FAST_hrx_opt_0
31
[0.05215259 0.06000448 0.06797444 0.07606515 0.08427939 0.09262
 0.10108992 0.10969219 0.11842992 0.12730635 0.1363248  0.14548871
 0.15480163 0.16426721 0.17388926 0.18367167 0.19361849 0.2037339
 0.21402222 0.22448793 0.23513565 0.24597018 0.25699646 0.26821964
 0.27964505 0.29127818 0.30312477 0.31519074 0.32748224 0.34000566
 0.35276762]
[1294.61054577 1284.61325392 1274.61595971 1264.61866309 1254.621364
 1244.62406238 1234.62675817 1224.6294513  1214.63214172 1204.63482935
 1194.63751412 1184.64019597 1174.64287481 1164.64555057 1154.64822316
 1144.65089251 1134.65355854 1124.65622114 1114.65888023 1104.66153572
 1094.6641875  1084.66683547 1074.66947953 1064.67211957 1054.67475546
 1044.6773871  1034.68001436 1024.68263711 1014.68525522 1004.68786855]
FAST_hrx_opt_1
31
[0.09262    0.10108992 0.10969219 0.11842992 0.12730635 0.1363248
 0.14548871 0.15480163 0.16426721 0.17388926 0.18367167 0.19361849
 0.2037339  0.21402222 0.22448793 0.23513565 0.24597018 0.25699646
 0.26821964 0.27964505 0.29127818 0.30312477 0.31519074 0.32748224
 0.34000566 0.35276762 0.365775   0.37903495 0.3925549  0.40634257
 0.420406  ]
[1244.62406238 1234.62675817 1224.6294513  1214.63214172 1204.63482935
 1194.63751412 1184.64019597 1174.64287481 1164.64555057 1154.64822316
 1144.65089251 1134.65355854 1124.65622114 1114.65888023 1104.66153572
 1094.6641875  1084.66683547 1074.66947953 1064.67211957 1054.67475546
 1044.6773871  1034.68001436 1024.68263711 1014.68525522 1004.68786855
  994.69047695  984.69308028  974.69567838  964.69827108  954.70085822]
FAST_hrx_opt_2
31
[0.1363248  0.14548871 0.15480163 0.16426721 0.17388926 0.18367167
 0.19361849 0.2037339  0.21402222 0.22448793 0.23513565 0.24597018
 0.25699646 0.26821964 0.27964505 0.29127818 0.30312477 0.31519074
 0.32748224 0.34000566 0.35276762 0.365775   0.37903495 0.3925549
 0.40634257 0.420406   0.43475354 0.44939388 0.46433608 0.47958958
 0.49516421]
[1194.63751412 1184.64019597 1174.64287481 1164.64555057 1154.64822316
 1144.65089251 1134.65355854 1124.65622114 1114.65888023 1104.66153572
 1094.6641875  1084.66683547 1074.66947953 1064.67211957 1054.67475546
 1044.6773871  1034.68001436 1024.68263711 1014.68525522 1004.68786855
  994.69047695  984.69308028  974.69567838  964.69827108  954.70085822
  944.70343962  934.7060151   924.70858446  914.71114751  904.71370403]
FAST_hrx_opt_3
31
[0.18367167 0.19361849 0.2037339  0.21402222 0.22448793 0.23513565
 0.24597018 0.25699646 0.26821964 0.27964505 0.29127818 0.30312477
 0.31519074 0.32748224 0.34000566 0.35276762 0.365775   0.37903495
 0.3925549  0.40634257 0.420406   0.43475354 0.44939388 0.46433608
 0.47958958 0.49516421 0.51107021 0.52731828 0.54391957 0.56088571
 0.57822889]
[1144.65089251 1134.65355854 1124.65622114 1114.65888023 1104.66153572
 1094.6641875  1084.66683547 1074.66947953 1064.67211957 1054.67475546
 1044.6773871  1034.68001436 1024.68263711 1014.68525522 1004.68786855
  994.69047695  984.69308028  974.69567838  964.69827108  954.70085822
  944.70343962  934.7060151   924.70858446  914.71114751  904.71370403
  894.7162538   884.7187966   874.72133219  864.72386032  854.72638072]
FAST_hrx_opt_4
31
[0.23513565 0.24597018 0.25699646 0.26821964 0.27964505 0.29127818
 0.30312477 0.31519074 0.32748224 0.34000566 0.35276762 0.365775
 0.37903495 0.3925549  0.40634257 0.420406   0.43475354 0.44939388
 0.46433608 0.47958958 0.49516421 0.51107021 0.52731828 0.54391957
 0.56088571 0.57822889 0.5959618  0.61409773 0.63265057 0.65163488
 0.67106588]
[1094.6641875  1084.66683547 1074.66947953 1064.67211957 1054.67475546
 1044.6773871  1034.68001436 1024.68263711 1014.68525522 1004.68786855
  994.69047695  984.69308028  974.69567838  964.69827108  954.70085822
  944.70343962  934.7060151   924.70858446  914.71114751  904.71370403
  894.7162538   884.7187966   874.72133219  864.72386032  854.72638072
  844.72889312  834.73139724  824.73389277  814.7363794   804.73885679]
FAST_hrx_opt_5
31
[0.29127818 0.30312477 0.31519074 0.32748224 0.34000566 0.35276762
 0.365775   0.37903495 0.3925549  0.40634257 0.420406   0.43475354
 0.44939388 0.46433608 0.47958958 0.49516421 0.51107021 0.52731828
 0.54391957 0.56088571 0.57822889 0.5959618  0.61409773 0.63265057
 0.65163488 0.67106588 0.69095952 0.71133253 0.73220244 0.75358765
 0.7755075 ]
[1044.6773871  1034.68001436 1024.68263711 1014.68525522 1004.68786855
  994.69047695  984.69308028  974.69567838  964.69827108  954.70085822
  944.70343962  934.7060151   924.70858446  914.71114751  904.71370403
  894.7162538   884.7187966   874.72133219  864.72386032  854.72638072
  844.72889312  834.73139724  824.73389277  814.7363794   804.73885679
  794.7413246   784.74378246  774.74622999  764.74866677  754.75109239]
FAST_hrx_opt_6
31
[0.35276762 0.365775   0.37903495 0.3925549  0.40634257 0.420406
 0.43475354 0.44939388 0.46433608 0.47958958 0.49516421 0.51107021
 0.52731828 0.54391957 0.56088571 0.57822889 0.5959618  0.61409773
 0.63265057 0.65163488 0.67106588 0.69095952 0.71133253 0.73220244
 0.75358765 0.7755075  0.79798228 0.82103333 0.84468312 0.86895526
 0.89387467]
[994.69047695 984.69308028 974.69567838 964.69827108 954.70085822
 944.70343962 934.7060151  924.70858446 914.71114751 904.71370403
 894.7162538  884.7187966  874.72133219 864.72386032 854.72638072
 844.72889312 834.73139724 824.73389277 814.7363794  804.73885679
 794.7413246  784.74378246 774.74622999 764.74866677 754.75109239
 744.75350639 734.7559083  724.75829762 714.76067381 704.76303634]
FAST_hrx_opt_7
31
[0.420406   0.43475354 0.44939388 0.46433608 0.47958958 0.49516421
 0.51107021 0.52731828 0.54391957 0.56088571 0.57822889 0.5959618
 0.61409773 0.63265057 0.65163488 0.67106588 0.69095952 0.71133253
 0.73220244 0.75358765 0.7755075  0.79798228 0.82103333 0.84468312
 0.86895526 0.89387467 0.91946757 0.94576164 0.97278611 1.00057183
 1.02915143]
[1344.59697153 1334.59969068 1324.60240773 1314.60512262 1304.60783532
 1294.61054577 1284.61325392 1274.61595971 1264.61866309 1254.621364
 1244.62406238 1234.62675817 1224.6294513  1214.63214172 1204.63482935
 1194.63751412 1184.64019597 1174.64287481 1164.64555057 1154.64822316
 1144.65089251 1134.65355854 1124.65622114 1114.65888023 1104.66153572
 1094.6641875  1084.66683547 1074.66947953 1064.67211957 1054.67475546]
FAST_hrx_opt_ttot0
31
[0.05215259 0.06000448 0.06797444 0.07606515 0.08427939 0.09262
 0.10108992 0.10969219 0.11842992 0.12730635 0.1363248  0.14548871
 0.15480163 0.16426721 0.17388926 0.18367167 0.19361849 0.2037339
 0.21402222 0.22448793 0.23513565 0.24597018 0.25699646 0.26821964
 0.27964505 0.29127818 0.30312477 0.31519074 0.32748224 0.34000566
 0.35276762]
[1344.59697153 1334.59969068 1324.60240773 1314.60512262 1304.60783532
 1294.61054577 1284.61325392 1274.61595971 1264.61866309 1254.621364
 1244.62406238 1234.62675817 1224.6294513  1214.63214172 1204.63482935
 1194.63751412 1184.64019597 1174.64287481 1164.64555057 1154.64822316
 1144.65089251 1134.65355854 1124.65622114 1114.65888023 1104.66153572
 1094.6641875  1084.66683547 1074.66947953 1064.67211957 1054.67475546]
FAST_hrx_opt_ttot1
31
[0.05215259 0.06000448 0.06797444 0.07606515 0.08427939 0.09262
 0.10108992 0.10969219 0.11842992 0.12730635 0.1363248  0.14548871
 0.15480163 0.16426721 0.17388926 0.18367167 0.19361849 0.2037339
 0.21402222 0.22448793 0.23513565 0.24597018 0.25699646 0.26821964
 0.27964505 0.29127818 0.30312477 0.31519074 0.32748224 0.34000566
 0.35276762]
[1344.59697153 1334.59969068 1324.60240773 1314.60512262 1304.60783532
 1294.61054577 1284.61325392 1274.61595971 1264.61866309 1254.621364
 1244.62406238 1234.62675817 1224.6294513  1214.63214172 1204.63482935
 1194.63751412 1184.64019597 1174.64287481 1164.64555057 1154.64822316
 1144.65089251 1134.65355854 1124.65622114 1114.65888023 1104.66153572
 1094.6641875  1084.66683547 1074.66947953 1064.67211957 1054.67475546]
FAST_hrx_opt_ttot2
31
[0.05215259 0.06000448 0.06797444 0.07606515 0.08427939 0.09262
 0.10108992 0.10969219 0.11842992 0.12730635 0.1363248  0.14548871
 0.15480163 0.16426721 0.17388926 0.18367167 0.19361849 0.2037339
 0.21402222 0.22448793 0.23513565 0.24597018 0.25699646 0.26821964
 0.27964505 0.29127818 0.30312477 0.31519074 0.32748224 0.34000566
 0.35276762]
[1344.59697153 1334.59969068 1324.60240773 1314.60512262 1304.60783532
 1294.61054577 1284.61325392 1274.61595971 1264.61866309 1254.621364
 1244.62406238 1234.62675817 1224.6294513  1214.63214172 1204.63482935
 1194.63751412 1184.64019597 1174.64287481 1164.64555057 1154.64822316
 1144.65089251 1134.65355854 1124.65622114 1114.65888023 1104.66153572
 1094.6641875  1084.66683547 1074.66947953 1064.67211957 1054.67475546]
FAST_hrx_opt_ttot3
31
[0.05215259 0.06000448 0.06797444 0.07606515 0.08427939 0.09262
 0.10108992 0.10969219 0.11842992 0.12730635 0.1363248  0.14548871
 0.15480163 0.16426721 0.17388926 0.18367167 0.19361849 0.2037339
 0.21402222 0.22448793 0.23513565 0.24597018 0.25699646 0.26821964
 0.27964505 0.29127818 0.30312477 0.31519074 0.32748224 0.34000566
 0.35276762]
[1344.59697153 1334.59969068 1324.60240773 1314.60512262 1304.60783532
 1294.61054577 1284.61325392 1274.61595971 1264.61866309 1254.621364
 1244.62406238 1234.62675817 1224.6294513  1214.63214172 1204.63482935
 1194.63751412 1184.64019597 1174.64287481 1164.64555057 1154.64822316
 1144.65089251 1134.65355854 1124.65622114 1114.65888023 1104.66153572
 1094.6641875  1084.66683547 1074.66947953 1064.67211957 1054.67475546]
FAST_hrx_opt_ttot4
31
[0.05215259 0.06000448 0.06797444 0.07606515 0.08427939 0.09262
 0.10108992 0.10969219 0.11842992 0.12730635 0.1363248  0.14548871
 0.15480163 0.16426721 0.17388926 0.18367167 0.19361849 0.2037339
 0.21402222 0.22448793 0.23513565 0.24597018 0.25699646 0.26821964
 0.27964505 0.29127818 0.30312477 0.31519074 0.32748224 0.34000566
 0.35276762]
[1344.59697153 1334.59969068 1324.60240773 1314.60512262 1304.60783532
 1294.61054577 1284.61325392 1274.61595971 1264.61866309 1254.621364
 1244.62406238 1234.62675817 1224.6294513  1214.63214172 1204.63482935
 1194.63751412 1184.64019597 1174.64287481 1164.64555057 1154.64822316
 1144.65089251 1134.65355854 1124.65622114 1114.65888023 1104.66153572
 1094.6641875  1084.66683547 1074.66947953 1064.67211957 1054.67475546]
FAST_hrx_opt_ttot5
31
[0.05215259 0.06000448 0.06797444 0.07606515 0.08427939 0.09262
 0.10108992 0.10969219 0.11842992 0.12730635 0.1363248  0.14548871
 0.15480163 0.16426721 0.17388926 0.18367167 0.19361849 0.2037339
 0.21402222 0.22448793 0.23513565 0.24597018 0.25699646 0.26821964
 0.27964505 0.29127818 0.30312477 0.31519074 0.32748224 0.34000566
 0.35276762]
[1344.59697153 1334.59969068 1324.60240773 1314.60512262 1304.60783532
 1294.61054577 1284.61325392 1274.61595971 1264.61866309 1254.621364
 1244.62406238 1234.62675817 1224.6294513  1214.63214172 1204.63482935
 1194.63751412 1184.64019597 1174.64287481 1164.64555057 1154.64822316
 1144.65089251 1134.65355854 1124.65622114 1114.65888023 1104.66153572
 1094.6641875  1084.66683547 1074.66947953 1064.67211957 1054.67475546]
FAST_hrx_opt_ttot6
31
[0.05215259 0.06000448 0.06797444 0.07606515 0.08427939 0.09262
 0.10108992 0.10969219 0.11842992 0.12730635 0.1363248  0.14548871
 0.15480163 0.16426721 0.17388926 0.18367167 0.19361849 0.2037339
 0.21402222 0.22448793 0.23513565 0.24597018 0.25699646 0.26821964
 0.27964505 0.29127818 0.30312477 0.31519074 0.32748224 0.34000566
 0.35276762]
[1344.59697153 1334.59969068 1324.60240773 1314.60512262 1304.60783532
 1294.61054577 1284.61325392 1274.61595971 1264.61866309 1254.621364
 1244.62406238 1234.62675817 1224.6294513  1214.63214172 1204.63482935
 1194.63751412 1184.64019597 1174.64287481 1164.64555057 1154.64822316
 1144.65089251 1134.65355854 1124.65622114 1114.65888023 1104.66153572
 1094.6641875  1084.66683547 1074.66947953 1064.67211957 1054.67475546]
FAST_hrx_opt_ttot0
31
[0.05215259 0.06000448 0.06797444 0.07606515 0.08427939 0.09262
 0.10108992 0.10969219 0.11842992 0.12730635 0.1363248  0.14548871
 0.15480163 0.16426721 0.17388926 0.18367167 0.19361849 0.2037339
 0.21402222 0.22448793 0.23513565 0.24597018 0.25699646 0.26821964
 0.27964505 0.29127818 0.30312477 0.31519074 0.32748224 0.34000566
 0.35276762]
[1344.59697153 1334.59969068 1324.60240773 1314.60512262 1304.60783532
 1294.61054577 1284.61325392 1274.61595971 1264.61866309 1254.621364
 1244.62406238 1234.62675817 1224.6294513  1214.63214172 1204.63482935
 1194.63751412 1184.64019597 1174.64287481 1164.64555057 1154.64822316
 1144.65089251 1134.65355854 1124.65622114 1114.65888023 1104.66153572
 1094.6641875  1084.66683547 1074.66947953 1064.67211957 1054.67475546]
FAST_hrx_opt_ttot1
31
[0.05215259 0.06000448 0.06797444 0.07606515 0.08427939 0.09262
 0.10108992 0.10969219 0.11842992 0.12730635 0.1363248  0.14548871
 0.15480163 0.16426721 0.17388926 0.18367167 0.19361849 0.2037339
 0.21402222 0.22448793 0.23513565 0.24597018 0.25699646 0.26821964
 0.27964505 0.29127818 0.30312477 0.31519074 0.32748224 0.34000566
 0.35276762]
[1344.59697153 1334.59969068 1324.60240773 1314.60512262 1304.60783532
 1294.61054577 1284.61325392 1274.61595971 1264.61866309 1254.621364
 1244.62406238 1234.62675817 1224.6294513  1214.63214172 1204.63482935
 1194.63751412 1184.64019597 1174.64287481 1164.64555057 1154.64822316
 1144.65089251 1134.65355854 1124.65622114 1114.65888023 1104.66153572
 1094.6641875  1084.66683547 1074.66947953 1064.67211957 1054.67475546]
FAST_hrx_opt_ttot2
31
[0.05215259 0.06000448 0.06797444 0.07606515 0.08427939 0.09262
 0.10108992 0.10969219 0.11842992 0.12730635 0.1363248  0.14548871
 0.15480163 0.16426721 0.17388926 0.18367167 0.19361849 0.2037339
 0.21402222 0.22448793 0.23513565 0.24597018 0.25699646 0.26821964
 0.27964505 0.29127818 0.30312477 0.31519074 0.32748224 0.34000566
 0.35276762]
[1344.59697153 1334.59969068 1324.60240773 1314.60512262 1304.60783532
 1294.61054577 1284.61325392 1274.61595971 1264.61866309 1254.621364
 1244.62406238 1234.62675817 1224.6294513  1214.63214172 1204.63482935
 1194.63751412 1184.64019597 1174.64287481 1164.64555057 1154.64822316
 1144.65089251 1134.65355854 1124.65622114 1114.65888023 1104.66153572
 1094.6641875  1084.66683547 1074.66947953 1064.67211957 1054.67475546]
FAST_hrx_opt_ttot3
31
[0.05215259 0.06000448 0.06797444 0.07606515 0.08427939 0.09262
 0.10108992 0.10969219 0.11842992 0.12730635 0.1363248  0.14548871
 0.15480163 0.16426721 0.17388926 0.18367167 0.19361849 0.2037339
 0.21402222 0.22448793 0.23513565 0.24597018 0.25699646 0.26821964
 0.27964505 0.29127818 0.30312477 0.31519074 0.32748224 0.34000566
 0.35276762]
[1344.59697153 1334.59969068 1324.60240773 1314.60512262 1304.60783532
 1294.61054577 1284.61325392 1274.61595971 1264.61866309 1254.621364
 1244.62406238 1234.62675817 1224.6294513  1214.63214172 1204.63482935
 1194.63751412 1184.64019597 1174.64287481 1164.64555057 1154.64822316
 1144.65089251 1134.65355854 1124.65622114 1114.65888023 1104.66153572
 1094.6641875  1084.66683547 1074.66947953 1064.67211957 1054.67475546]
FAST_hrx_opt_ttot4
31
[0.05215259 0.06000448 0.06797444 0.07606515 0.08427939 0.09262
 0.10108992 0.10969219 0.11842992 0.12730635 0.1363248  0.14548871
 0.15480163 0.16426721 0.17388926 0.18367167 0.19361849 0.2037339
 0.21402222 0.22448793 0.23513565 0.24597018 0.25699646 0.26821964
 0.27964505 0.29127818 0.30312477 0.31519074 0.32748224 0.34000566
 0.35276762]
[1344.59697153 1334.59969068 1324.60240773 1314.60512262 1304.60783532
 1294.61054577 1284.61325392 1274.61595971 1264.61866309 1254.621364
 1244.62406238 1234.62675817 1224.6294513  1214.63214172 1204.63482935
 1194.63751412 1184.64019597 1174.64287481 1164.64555057 1154.64822316
 1144.65089251 1134.65355854 1124.65622114 1114.65888023 1104.66153572
 1094.6641875  1084.66683547 1074.66947953 1064.67211957 1054.67475546]
FAST_hrx_opt_ttot5
31
[0.05215259 0.06000448 0.06797444 0.07606515 0.08427939 0.09262
 0.10108992 0.10969219 0.11842992 0.12730635 0.1363248  0.14548871
 0.15480163 0.16426721 0.17388926 0.18367167 0.19361849 0.2037339
 0.21402222 0.22448793 0.23513565 0.24597018 0.25699646 0.26821964
 0.27964505 0.29127818 0.30312477 0.31519074 0.32748224 0.34000566
 0.35276762]
[1344.59697153 1334.59969068 1324.60240773 1314.60512262 1304.60783532
 1294.61054577 1284.61325392 1274.61595971 1264.61866309 1254.621364
 1244.62406238 1234.62675817 1224.6294513  1214.63214172 1204.63482935
 1194.63751412 1184.64019597 1174.64287481 1164.64555057 1154.64822316
 1144.65089251 1134.65355854 1124.65622114 1114.65888023 1104.66153572
 1094.6641875  1084.66683547 1074.66947953 1064.67211957 1054.67475546]
FAST_hrx_opt_ttot6
31
[0.05215259 0.06000448 0.06797444 0.07606515 0.08427939 0.09262
 0.10108992 0.10969219 0.11842992 0.12730635 0.1363248  0.14548871
 0.15480163 0.16426721 0.17388926 0.18367167 0.19361849 0.2037339
 0.21402222 0.22448793 0.23513565 0.24597018 0.25699646 0.26821964
 0.27964505 0.29127818 0.30312477 0.31519074 0.32748224 0.34000566
 0.35276762]
[1344.59697153 1334.59969068 1324.60240773 1314.60512262 1304.60783532
 1294.61054577 1284.61325392 1274.61595971 1264.61866309 1254.621364
 1244.62406238 1234.62675817 1224.6294513  1214.63214172 1204.63482935
 1194.63751412 1184.64019597 1174.64287481 1164.64555057 1154.64822316
 1144.65089251 1134.65355854 1124.65622114 1114.65888023 1104.66153572
 1094.6641875  1084.66683547 1074.66947953 1064.67211957 1054.67475546]
FAST_hrx_opt_ttot0
31
[0.05215259 0.06000448 0.06797444 0.07606515 0.08427939 0.09262
 0.10108992 0.10969219 0.11842992 0.12730635 0.1363248  0.14548871
 0.15480163 0.16426721 0.17388926 0.18367167 0.19361849 0.2037339
 0.21402222 0.22448793 0.23513565 0.24597018 0.25699646 0.26821964
 0.27964505 0.29127818 0.30312477 0.31519074 0.32748224 0.34000566
 0.35276762]
[1344.59697153 1334.59969068 1324.60240773 1314.60512262 1304.60783532
 1294.61054577 1284.61325392 1274.61595971 1264.61866309 1254.621364
 1244.62406238 1234.62675817 1224.6294513  1214.63214172 1204.63482935
 1194.63751412 1184.64019597 1174.64287481 1164.64555057 1154.64822316
 1144.65089251 1134.65355854 1124.65622114 1114.65888023 1104.66153572
 1094.6641875  1084.66683547 1074.66947953 1064.67211957 1054.67475546]
FAST_hrx_opt_ttot1
31
[0.05215259 0.06000448 0.06797444 0.07606515 0.08427939 0.09262
 0.10108992 0.10969219 0.11842992 0.12730635 0.1363248  0.14548871
 0.15480163 0.16426721 0.17388926 0.18367167 0.19361849 0.2037339
 0.21402222 0.22448793 0.23513565 0.24597018 0.25699646 0.26821964
 0.27964505 0.29127818 0.30312477 0.31519074 0.32748224 0.34000566
 0.35276762]
[1344.59697153 1334.59969068 1324.60240773 1314.60512262 1304.60783532
 1294.61054577 1284.61325392 1274.61595971 1264.61866309 1254.621364
 1244.62406238 1234.62675817 1224.6294513  1214.63214172 1204.63482935
 1194.63751412 1184.64019597 1174.64287481 1164.64555057 1154.64822316
 1144.65089251 1134.65355854 1124.65622114 1114.65888023 1104.66153572
 1094.6641875  1084.66683547 1074.66947953 1064.67211957 1054.67475546]
FAST_hrx_opt_ttot0
31
[0.05215259 0.06000448 0.06797444 0.07606515 0.08427939 0.09262
 0.10108992 0.10969219 0.11842992 0.12730635 0.1363248  0.14548871
 0.15480163 0.16426721 0.17388926 0.18367167 0.19361849 0.2037339
 0.21402222 0.22448793 0.23513565 0.24597018 0.25699646 0.26821964
 0.27964505 0.29127818 0.30312477 0.31519074 0.32748224 0.34000566
 0.35276762]
[1344.59697153 1334.59969068 1324.60240773 1314.60512262 1304.60783532
 1294.61054577 1284.61325392 1274.61595971 1264.61866309 1254.621364
 1244.62406238 1234.62675817 1224.6294513  1214.63214172 1204.63482935
 1194.63751412 1184.64019597 1174.64287481 1164.64555057 1154.64822316
 1144.65089251 1134.65355854 1124.65622114 1114.65888023 1104.66153572
 1094.6641875  1084.66683547 1074.66947953 1064.67211957 1054.67475546]
FAST_hrx_opt_ttot1
31
[0.05215259 0.06000448 0.06797444 0.07606515 0.08427939 0.09262
 0.10108992 0.10969219 0.11842992 0.12730635 0.1363248  0.14548871
 0.15480163 0.16426721 0.17388926 0.18367167 0.19361849 0.2037339
 0.21402222 0.22448793 0.23513565 0.24597018 0.25699646 0.26821964
 0.27964505 0.29127818 0.30312477 0.31519074 0.32748224 0.34000566
 0.35276762]
[1344.59697153 1334.59969068 1324.60240773 1314.60512262 1304.60783532
 1294.61054577 1284.61325392 1274.61595971 1264.61866309 1254.621364
 1244.62406238 1234.62675817 1224.6294513  1214.63214172 1204.63482935
 1194.63751412 1184.64019597 1174.64287481 1164.64555057 1154.64822316
 1144.65089251 1134.65355854 1124.65622114 1114.65888023 1104.66153572
 1094.6641875  1084.66683547 1074.66947953 1064.67211957 1054.67475546]
FAST_hrx_opt_ttot2
31
[0.05215259 0.06000448 0.06797444 0.07606515 0.08427939 0.09262
 0.10108992 0.10969219 0.11842992 0.12730635 0.1363248  0.14548871
 0.15480163 0.16426721 0.17388926 0.18367167 0.19361849 0.2037339
 0.21402222 0.22448793 0.23513565 0.24597018 0.25699646 0.26821964
 0.27964505 0.29127818 0.30312477 0.31519074 0.32748224 0.34000566
 0.35276762]
[1344.59697153 1334.59969068 1324.60240773 1314.60512262 1304.60783532
 1294.61054577 1284.61325392 1274.61595971 1264.61866309 1254.621364
 1244.62406238 1234.62675817 1224.6294513  1214.63214172 1204.63482935
 1194.63751412 1184.64019597 1174.64287481 1164.64555057 1154.64822316
 1144.65089251 1134.65355854 1124.65622114 1114.65888023 1104.66153572
 1094.6641875  1084.66683547 1074.66947953 1064.67211957 1054.67475546]
FAST_hrx_opt_ttot3
31
[0.05215259 0.06000448 0.06797444 0.07606515 0.08427939 0.09262
 0.10108992 0.10969219 0.11842992 0.12730635 0.1363248  0.14548871
 0.15480163 0.16426721 0.17388926 0.18367167 0.19361849 0.2037339
 0.21402222 0.22448793 0.23513565 0.24597018 0.25699646 0.26821964
 0.27964505 0.29127818 0.30312477 0.31519074 0.32748224 0.34000566
 0.35276762]
[1344.59697153 1334.59969068 1324.60240773 1314.60512262 1304.60783532
 1294.61054577 1284.61325392 1274.61595971 1264.61866309 1254.621364
 1244.62406238 1234.62675817 1224.6294513  1214.63214172 1204.63482935
 1194.63751412 1184.64019597 1174.64287481 1164.64555057 1154.64822316
 1144.65089251 1134.65355854 1124.65622114 1114.65888023 1104.66153572
 1094.6641875  1084.66683547 1074.66947953 1064.67211957 1054.67475546]
FAST_hrx_opt_ttot4
31
[0.05215259 0.06000448 0.06797444 0.07606515 0.08427939 0.09262
 0.10108992 0.10969219 0.11842992 0.12730635 0.1363248  0.14548871
 0.15480163 0.16426721 0.17388926 0.18367167 0.19361849 0.2037339
 0.21402222 0.22448793 0.23513565 0.24597018 0.25699646 0.26821964
 0.27964505 0.29127818 0.30312477 0.31519074 0.32748224 0.34000566
 0.35276762]
[1344.59697153 1334.59969068 1324.60240773 1314.60512262 1304.60783532
 1294.61054577 1284.61325392 1274.61595971 1264.61866309 1254.621364
 1244.62406238 1234.62675817 1224.6294513  1214.63214172 1204.63482935
 1194.63751412 1184.64019597 1174.64287481 1164.64555057 1154.64822316
 1144.65089251 1134.65355854 1124.65622114 1114.65888023 1104.66153572
 1094.6641875  1084.66683547 1074.66947953 1064.67211957 1054.67475546]
FAST_hrx_opt_ttot5
31
[0.05215259 0.06000448 0.06797444 0.07606515 0.08427939 0.09262
 0.10108992 0.10969219 0.11842992 0.12730635 0.1363248  0.14548871
 0.15480163 0.16426721 0.17388926 0.18367167 0.19361849 0.2037339
 0.21402222 0.22448793 0.23513565 0.24597018 0.25699646 0.26821964
 0.27964505 0.29127818 0.30312477 0.31519074 0.32748224 0.34000566
 0.35276762]
[1344.59697153 1334.59969068 1324.60240773 1314.60512262 1304.60783532
 1294.61054577 1284.61325392 1274.61595971 1264.61866309 1254.621364
 1244.62406238 1234.62675817 1224.6294513  1214.63214172 1204.63482935
 1194.63751412 1184.64019597 1174.64287481 1164.64555057 1154.64822316
 1144.65089251 1134.65355854 1124.65622114 1114.65888023 1104.66153572
 1094.6641875  1084.66683547 1074.66947953 1064.67211957 1054.67475546]
FAST_hrx_opt_ttot6
31
[0.05215259 0.06000448 0.06797444 0.07606515 0.08427939 0.09262
 0.10108992 0.10969219 0.11842992 0.12730635 0.1363248  0.14548871
 0.15480163 0.16426721 0.17388926 0.18367167 0.19361849 0.2037339
 0.21402222 0.22448793 0.23513565 0.24597018 0.25699646 0.26821964
 0.27964505 0.29127818 0.30312477 0.31519074 0.32748224 0.34000566
 0.35276762]
