9.999999999999999547e-08
1.032828125941029589e-07
1.066733937734857130e-07
1.101752813788387340e-07
1.137921293915313934e-07
1.175277117462945140e-07
1.213859262690628963e-07
1.253707987440919743e-07
1.294864871145905002e-07
1.337372858212497705e-07
1.381276302832009518e-07
1.426621015260738263e-07
1.473454309619834427e-07
1.521825053264387005e-07
1.571783717773164468e-07
1.623382431612278136e-07
1.676675034527700932e-07
1.731717133723352770e-07
1.788566161883461748e-07
1.847281437099635883e-07
1.907924224765264963e-07
1.970557801501800372e-07
2.035247521183575728e-07
2.102060883130158356e-07
2.171067602537266971e-07
2.242339683219844981e-07
2.315951492743154463e-07
2.391979840020237375e-07
2.470504055456825189e-07
2.551606073727186320e-07
2.635370519267393157e-07
2.721884794575179567e-07
2.811239171408466898e-07
2.903526884977813702e-07
2.998844231231030698e-07
3.097290667331406935e-07
3.198968915434537953e-07
3.303985069871854812e-07
3.412448707852889448e-07
3.524473003801587719e-07
3.640174847446137783e-07
3.759674965785467635e-07
3.883098049059609149e-07
4.010572880855495618e-07
4.142232472483898033e-07
4.278214201767612621e-07
4.418659956385941293e-07
4.563716281924763051e-07
4.713534534786906920e-07
4.868271040122284053e-07
5.028087254942475044e-07
5.193149936590211893e-07
5.363631316739245545e-07
5.539709281106400869e-07
5.721567555063252111e-07
5.909395895340976449e-07
6.103390288028621038e-07
6.303753153071281739e-07
6.510693555481454163e-07
6.724427423484249369e-07
6.945177773823688678e-07
7.173174944465613108e-07
7.408656834939567921e-07
7.651869154570818126e-07
7.903065678861348220e-07
8.162508514287236451e-07
8.430468371788967295e-07
8.707224849239921525e-07
8.993066723187632426e-07
9.288292250172498599e-07
9.593209477938250218e-07
9.908136566858666023e-07
1.023340212191642242e-06
1.056934553557987269e-06
1.091631734193614770e-06
1.127467958244947345e-06
1.164480618372685418e-06
1.202708334768512033e-06
1.242190995452618611e-06
1.282969797894147525e-06
1.325087291997953872e-06
1.368587424502517782e-06
1.413515584835395657e-06
1.459918652473977078e-06
1.507845045861051148e-06
1.557344772926135124e-06
1.608469483265355180e-06
1.661272522034292912e-06
1.715808985610006481e-06
1.772135779080358465e-06
1.830311675620612964e-06
1.890397377819223427e-06
1.952455581016861103e-06
2.016551038724748437e-06
2.082750630190514274e-06
2.151123430182167256e-06
2.221740781062882312e-06
2.294676367231935999e-06
2.370006292009330201e-06
2.447809157044440178e-06
2.528166144331500533e-06
2.611161100917462053e-06
2.696880626390692452e-06
2.785414163241768898e-06
2.876854090190597285e-06
2.971295818577333959e-06
3.068837891917639148e-06
3.169582088726115117e-06
3.273633528715247702e-06
3.381100782480682084e-06
3.492095984787271205e-06
3.606734951574031651e-06
3.725137300800209723e-06
3.847426577258505938e-06
3.973730381485612195e-06
4.104180502904709349e-06
4.238913057338783125e-06
4.378068629038166541e-06
4.521792417370701825e-06
4.670234388327330377e-06
4.823549431001466973e-06
4.981897519205165464e-06
5.145443878390924374e-06
5.314359158053241704e-06
5.488819609789677119e-06
5.669007271207434205e-06
5.855110155867243740e-06
6.047322449462655443e-06
6.245844712439617693e-06
6.450884089267685838e-06
6.662654524581149689e-06
6.881376986415670447e-06
7.107279696773411969e-06
7.340598369757211859e-06
7.581576457522117895e-06
7.830465404301182155e-06
8.087524908770457149e-06
8.353023195026787283e-06
8.627237292461451191e-06
8.910453324821521320e-06
9.202966808760409113e-06
9.505082962189511427e-06
9.817117022752183588e-06
1.013939457675291793e-05
1.047225189888435437e-05
1.081603630310709413e-05
1.117110650504824176e-05
1.153783299629661965e-05
1.191659843098558805e-05
1.230779802506665817e-05
1.271183996869030149e-05
1.312914585212465286e-05
1.356015110565632028e-05
1.400530545393219677e-05
1.446507338521647210e-05
1.493993463605256153e-05
1.543038469183564729e-05
1.593693530381776085e-05
1.646011502308549626e-05
1.700046975206718038e-05
1.755856331414470671e-05
1.813497804196495463e-05
1.873031538506434598e-05
1.934519653744048203e-05
1.998026308572550550e-05
2.063617767863856672e-05
2.131362471841437661e-05
2.201331107493032503e-05
2.273596682327715015e-05
2.348234600554276300e-05
2.425322741760355415e-05
2.504941542174502495e-05
2.587174078595924027e-05
2.672106155079437918e-05
2.759826392466180431e-05
2.850426320853431721e-05
2.944000475100033644e-05
3.040646493467068516e-05
3.140465219496749226e-05
3.243560807235811494e-05
3.350040829913136298e-05
3.460016392185108963e-05
3.573602246065788401e-05
3.690916910662782519e-05
3.812082795843887756e-05
3.937226329963475538e-05
4.066478091781861921e-05
4.199972946715305953e-05
4.337850187558984404e-05
4.480253679829489699e-05
4.627332011878693591e-05
4.779238649935594978e-05
4.936132098237916882e-05
5.098176064420429873e-05
5.265539630332755327e-05
5.438397428464801243e-05
5.616929824163815642e-05
5.801323103833378413e-05
5.991769669310612853e-05
6.188468238624395229e-05
6.391624053344005150e-05
6.601449092734883043e-05
6.818162294944478516e-05
7.041989785449296116e-05
7.273165113001453573e-05
7.511929493320968745e-05
7.758532060787843134e-05
8.013230128396886748e-05
8.276289456246352480e-05
8.547984528840422633e-05
8.828598841495150201e-05
9.118425196146562090e-05
9.417766006869519380e-05
9.726933615426178170e-05
1.004625061717341264e-04
1.037605019766911805e-04
1.071667648032863316e-04
1.106848488549411983e-04
1.143184250129150245e-04
1.180712846666190276e-04
1.219473436696738312e-04
1.259506464258357641e-04
1.300853701090571972e-04
1.343558290220826280e-04
1.387664790981308434e-04
1.433219225503573884e-04
1.480269126739508685e-04
1.528863588058731147e-04
1.579053314474175942e-04
1.630890675549332694e-04
1.684429760042315200e-04
1.739726432343802502e-04
1.796838390767721008e-04
1.855825227755518783e-04
1.916748492056814909e-04
1.979671752951332644e-04
2.044660666579117651e-04
2.111783044448244291e-04
2.181108924191519879e-04
2.252710642645980429e-04
2.326662911331458009e-04
2.403042894406969639e-04
2.481930289186255376e-04
2.563407409296514835e-04
2.647559270567066648e-04
2.734473679737582479e-04
2.824241326078435750e-04
2.916955876018796070e-04
3.012714070881163998e-04
3.111615827824359818e-04
3.213764344100278683e-04
3.319266204733189573e-04
3.428231493733970817e-04
3.540773908965269578e-04
3.657010880777493184e-04
3.777063694539368501e-04
3.901057617190993284e-04
4.029122027951348049e-04
4.161390553316707177e-04
4.298001206490798497e-04
4.439096531392171165e-04
4.584823751389095932e-04
4.735334922917116217e-04
4.890787094139594296e-04
5.051342468816766339e-04
5.217168575554349515e-04
5.388438442608223895e-04
5.565330778427645753e-04
5.748030158125356668e-04
5.936727216069126283e-04
6.131618844795775573e-04
6.332908400455114538e-04
6.540805914998259248e-04
6.755528315331646438e-04
6.977299649665538337e-04
7.206351321293052873e-04
7.442922330043757985e-04
7.687259521663735752e-04
7.939617845382283649e-04
8.200260619934130737e-04
8.469459808314584682e-04
8.747496301554415774e-04
9.034660211810534520e-04
9.331251175078250117e-04
9.637578663841088597e-04
9.953962309984234688e-04
1.028073223830864658e-03
1.061822941099384646e-03
1.096680598336869684e-03
1.132682567136153885e-03
1.169866413101308027e-03
1.208270935044775986e-03
1.247936205471311460e-03
1.288903612390894168e-03
1.331215902504307791e-03
1.374917225806420460e-03
1.420053181653681794e-03
1.466670866343968566e-03
1.514818922258347406e-03
1.564547588616095868e-03
1.615908753895919101e-03
1.668956009978023050e-03
1.723744708063619816e-03
1.780332016430115653e-03
1.838776980082326793e-03
1.899140582361935484e-03
1.961485808579429332e-03
2.025877711735016989e-03
2.092383480396978884e-03
2.161072508808376501e-03
2.232016469295234479e-03
2.305289387051710857e-03
2.380967717380358135e-03
2.459130425468046555e-03
2.539859068780723952e-03
2.623237882163123851e-03
2.709353865732054469e-03
2.798296875655115722e-03
2.890159717909511570e-03
2.985038245118729321e-03
3.083031456568277075e-03
3.184241601504656394e-03
3.288774285825509913e-03
3.396738582272209456e-03
3.508247144239788878e-03
3.623416323323149901e-03
3.742366290721984689e-03
3.865221162631261604e-03
3.992109129748053209e-03
4.123162591029748240e-03
4.258518291843414218e-03
4.398317466650228554e-03
4.542705986374042521e-03
4.691834510607798860e-03
4.845858644816500305e-03
5.004939102700953560e-03
5.169241873891603813e-03
5.338938397147350266e-03
5.514205739240302107e-03
5.695226779712831040e-03
5.882190401699956099e-03
6.075291689016077724e-03
6.274732129711574694e-03
6.480719826311970473e-03
6.693469712958667432e-03
6.913203779678127325e-03
7.140151304013402957e-03
7.374549090259546573e-03
7.616641716552892058e-03
7.866681790071590116e-03
8.124930210614047729e-03
8.391656442830162238e-03
8.667138797389223673e-03
8.951664721378302381e-03
9.245531098233580533e-03
9.549044557518078166e-03
9.862521794868784469e-03
1.018628990244688573e-02
1.052068671023622878e-02
1.086606113854598002e-02
1.122277356208507132e-02
1.159119618598885779e-02
1.197171343418968088e-02
1.236472235053714952e-02
1.277063301308644684e-02
1.318986896198669212e-02
1.362286764141646886e-02
1.407008085602686441e-02
1.453197524236895383e-02
1.500903275579736594e-02
1.550175117335768869e-02
1.601064461318317880e-02
1.653624407094182042e-02
1.707909797389426873e-02
1.763977275314045079e-02
1.821885343465168977e-02
1.881694424970555696e-02
1.943466926536022155e-02
2.007267303562568217e-02
2.073162127401231153e-02
2.141220154815731691e-02
2.211512399725488673e-02
2.284112207303825443e-02
2.359095330508633945e-02
2.436540009125465894e-02
2.516527051405394177e-02
2.599139918382932860e-02
2.684464810961965237e-02
2.772590759860481258e-02
2.863609718508115798e-02
2.957616658993256556e-02
3.054709671159968123e-02
3.154990064958088786e-02
3.258562476153223364e-02
3.365534975507094434e-02
3.476019181541981085e-02
3.590130377007068330e-02
3.707987629168172511e-02
3.829713914046285056e-02
3.955436244734701623e-02
4.085285803928565690e-02
4.219398080805024376e-02
4.357913012397029995e-02
4.500975129608051489e-02
4.648733708020256344e-02
4.801342923653455219e-02
4.958962013837212024e-02
5.121755443364241212e-02
5.289893076098156621e-02
5.463550352214875672e-02
5.642908471262542136e-02
5.828154581230839820e-02
6.019481973827274512e-02
6.217090286163833718e-02
6.421185709064758385e-02
6.631981202212675064e-02
6.849696716357453474e-02
7.074559422819878818e-02
7.306803950529507097e-02
7.546672630843886953e-02
7.794415750404951049e-02
8.050291812295988503e-02
8.314567805772063447e-02
8.587519484845179685e-02
8.869431656014704901e-02
9.160598475443709754e-02
9.461323755890778398e-02
9.771921283717996398e-02
1.009271514630571825e-01
1.042404007021555806e-01
1.076624177045493319e-01
1.111967731120700048e-01
1.148471547840289042e-01
1.186173716452479238e-01
1.225113576604117821e-01
1.265331759388942934e-01
1.306870229743347656e-01
1.349772330233941775e-01
1.394082826282578569e-01
1.439847952876009418e-01
1.487115462808953625e-01
1.535934676510898600e-01
1.586356533508589683e-01
1.638433645577984654e-01
1.692220351641038900e-01
1.747772774464680934e-01
1.805148879221110114e-01
1.864408533970485227e-01
1.925613572129198647e-01
1.988827856988811815e-01
2.054117348353064199e-01
2.121550171362452386e-01
2.191196687578147451e-01
2.263129568399529778e-01
2.337423870891817412e-01
2.414157116103017864e-01
2.493409369951880561e-01
2.575263326771198846e-01
2.659804395593758364e-01
2.747120789270814378e-01
2.837303616516211324e-01
2.930446976972144180e-01
3.026648059395695145e-01
3.126007243068703589e-01
3.228628202536733549e-01
3.334618015786362522e-01
3.444087275973823359e-01
3.557150206821389493e-01
3.673924781802074269e-01
3.794532847236942175e-01
3.919100249433402072e-01
4.047756965997322265e-01
4.180637241455761877e-01
4.317879727332021300e-01
4.459627626819095414e-01
4.606028844202398331e-01
4.757236139187889234e-01
4.913407286296366805e-01
5.074705239490465702e-01
5.241298302206061077e-01
5.413360302965375404e-01
5.591070776755292515e-01
5.774615152359825476e-01
5.964184945842460062e-01
6.159977960380168538e-01
6.362198492657494819e-01
6.571057546036270791e-01
6.786773050723302614e-01
7.009570091165617800e-01
7.239681140910876334e-01
7.477346305177595687e-01
7.722813571388642551e-01
7.976339067929281157e-01
8.238187331399601243e-01
8.508631582640581170e-01
8.787954011821328404e-01
9.076446072885356875e-01
9.374408787663000009e-01
9.682153059967075759e-01
1.000000000000000000e+00
