1.908394376639625190e+00 -1.296925168203053680e+01 -9.330069258267683097e+01 5.894094298589393904e-02 -1.478700347928309711e+01 -7.427142127819252870e+00 -4.027638471497708927e+00 1.195578587362196993e-02 2.900308532306440590e+00 -1.863424628828442664e+01 -5.786918866108947235e+00
-1.296925168203053680e+01 1.357651224876119340e+04 9.546121198103453207e+04 -3.450807551743541524e+01 1.512941902815229150e+04 5.590667980783052371e+03 3.800871877844222126e+03 2.706208466961082650e+03 1.972818421110492864e+03 1.950675946321962329e+04 5.461100178979205339e+03
-9.330069258267683097e+01 9.546121198103453207e+04 6.963436192051139660e+05 -2.934935130452249155e+02 1.103618337113439047e+05 4.051640977419989213e+04 3.145087663856258587e+04 2.372356041485587048e+04 6.466102560888551125e+03 1.371588568596749683e+05 4.518868132364508347e+04
5.894094298589393904e-02 -3.450807551743541524e+01 -2.934935130452249155e+02 2.350698151822739612e-01 -4.651508449094347952e+01 -1.955484458870958164e+01 -1.922689600658439701e+01 -1.637932615011098392e+01 1.596768186381727972e+01 -4.958127067713229508e+01 -2.762524194378435638e+01
-1.478700347928309711e+01 1.512941902815229150e+04 1.103618337113439047e+05 -4.651508449094347952e+01 1.749098290587290830e+04 6.421348820838133179e+03 4.984574169895034174e+03 3.759890314689790102e+03 1.024797120134272518e+03 2.173797897374959939e+04 7.161845956982965617e+03
-7.427142127819252870e+00 5.590667980783052371e+03 4.051640977419989213e+04 -1.955484458870958164e+01 6.421348820838133179e+03 2.672735867078655247e+03 1.792100397921298736e+03 1.255812956228806343e+03 7.887099756875450396e+01 8.032682734831967537e+03 2.574893371409195424e+03
-4.027638471497708927e+00 3.800871877844222126e+03 3.145087663856258587e+04 -1.922689600658439701e+01 4.984574169895034174e+03 1.792100397921298736e+03 1.952994992652843621e+03 1.640823929047118554e+03 -8.406874288577196239e+02 5.461100178979205339e+03 2.806067041115627944e+03
1.195578587362196993e-02 2.706208466961082650e+03 2.372356041485587048e+04 -1.637932615011098392e+01 3.759890314689790102e+03 1.255812956228806343e+03 1.640823929047118554e+03 1.677380832408721290e+03 -1.194921167887490583e+03 3.888285640309056816e+03 2.357539043824574492e+03
2.900308532306440590e+00 1.972818421110492864e+03 6.466102560888551125e+03 1.596768186381727972e+01 1.024797120134272518e+03 7.887099756875450396e+01 -8.406874288577196239e+02 -1.194921167887490583e+03 3.480403554210438870e+03 2.834549382056688955e+03 -1.207901348888515486e+03
-1.863424628828442664e+01 1.950675946321962329e+04 1.371588568596749683e+05 -4.958127067713229508e+01 2.173797897374959939e+04 8.032682734831967537e+03 5.461100178979205339e+03 3.888285640309056816e+03 2.834549382056688955e+03 2.802735030792822727e+04 7.846519462729707811e+03
-5.786918866108947235e+00 5.461100178979205339e+03 4.518868132364508347e+04 -2.762524194378435638e+01 7.161845956982965617e+03 2.574893371409195424e+03 2.806067041115627944e+03 2.357539043824574492e+03 -1.207901348888515486e+03 7.846519462729707811e+03 4.031762635776029128e+03
