8.182098342193286356e-02 -7.559087401632783587e-01 -5.612433956692183479e+00 3.450766762560551672e-03 -8.533209810659009298e-01 -4.288948852871745654e-01 -2.336859918413584092e-01 -3.362014643595762076e-02 1.497199347026756666e-01 -1.072007007053346950e+00 -3.314064349223375117e-01
-7.559087401632783587e-01 5.531825392561200943e+02 4.027634788426731575e+03 -1.335905615080714037e+00 6.123662738048583378e+02 2.201150036866663413e+02 1.564337253556367386e+02 1.126755013567814387e+02 8.574491410946595238e+01 7.845068151137281802e+02 2.218495974586538466e+02
-5.612433956692183479e+00 4.027634788426731575e+03 3.040600840110850913e+04 -1.173427443677561577e+01 4.622964852565294677e+03 1.650793856996316663e+03 1.337036462907550458e+03 1.015815723076229915e+03 3.268723553754104501e+02 5.711870343121918268e+03 1.896144839670881083e+03
3.450766762560551672e-03 -1.335905615080714037e+00 -1.173427443677561577e+01 8.530729673333865143e-03 -1.784092721936872517e+00 -7.295473907596059515e-01 -7.455038995496691134e-01 -6.348947139458906985e-01 5.619199813254162068e-01 -1.894541105344409893e+00 -1.057251175492710971e+00
-8.533209810659009298e-01 6.123662738048583378e+02 4.622964852565294677e+03 -1.784092721936872517e+00 7.028809485981366834e+02 2.509886164290623753e+02 2.032845776098150168e+02 1.544458030306078626e+02 4.969805277435445134e+01 8.684394048151361858e+02 2.882920649608176973e+02
-4.288948852871745654e-01 2.201150036866663413e+02 1.650793856996316663e+03 -7.295473907596059515e-01 2.509886164290623753e+02 1.019019039589855709e+02 7.106868669332708066e+01 5.028724465400041055e+01 6.506288063636201713e+00 3.121604682844528611e+02 1.007874708537821959e+02
-2.336859918413584092e-01 1.564337253556367386e+02 1.337036462907550458e+03 -7.455038995496691134e-01 2.032845776098150168e+02 7.106868669332708066e+01 8.051411763269658195e+01 6.765919587284446379e+01 -3.022595960915991142e+01 2.218495974586538466e+02 1.141826965121803568e+02
-3.362014643595762076e-02 1.126755013567814387e+02 1.015815723076229915e+03 -6.348947139458906985e-01 1.544458030306078626e+02 5.028724465400041055e+01 6.765919587284446379e+01 6.852120055350739847e+01 -4.430564231240168738e+01 1.597930021971011172e+02 9.595223366727744008e+01
1.497199347026756666e-01 8.574491410946595238e+01 3.268723553754104501e+02 5.619199813254162068e-01 4.969805277435445134e+01 6.506288063636201713e+00 -3.022595960915991142e+01 -4.430564231240168738e+01 1.328336073599721772e+02 1.216008545220421126e+02 -4.286554550081253012e+01
-1.072007007053346950e+00 7.845068151137281802e+02 5.711870343121918268e+03 -1.894541105344409893e+00 8.684394048151361858e+02 3.121604682844528611e+02 2.218495974586538466e+02 1.597930021971011172e+02 1.216008545220421126e+02 1.112563935563655605e+03 3.146204169252901011e+02
-3.314064349223375117e-01 2.218495974586538466e+02 1.896144839670881083e+03 -1.057251175492710971e+00 2.882920649608176973e+02 1.007874708537821959e+02 1.141826965121803568e+02 9.595223366727744008e+01 -4.286554550081253012e+01 3.146204169252901011e+02 1.619304609692215422e+02
