9.983867495462108721e-01 -8.165950636030105514e+00 -6.716154730107976434e+01 3.599558078252709792e-02 -8.990972231363526745e+00 -4.504222564780545390e+00 -2.530839212804143479e+00 -1.621739717078012621e-01 1.702971939887503838e+00 -1.116435077357846062e+01 -3.460120931738687400e+00
-8.165950636030105514e+00 6.651402552777224628e+03 5.382620259729056124e+04 -1.520398051492611025e+01 7.205758537731100660e+03 2.536020672076112533e+03 1.913151200821015436e+03 1.369124629596968816e+03 1.038510374693157473e+03 9.093686031829980493e+03 2.615628239854559979e+03
-6.716154730107976434e+01 5.382620259729056124e+04 4.508945455678051803e+05 -1.473925873653191729e+02 6.036162806523421023e+04 2.110076473149510275e+04 1.806518490785625545e+04 1.357935120139504033e+04 4.710592533640050533e+03 7.359028157167466998e+04 2.469841786833441438e+04
3.599558078252709792e-02 -1.520398051492611025e+01 -1.473925873653191729e+02 8.943376372434713728e-02 -1.973156833581619551e+01 -7.864949265224072228e+00 -8.482771056478306093e+00 -7.098565262318166091e+00 5.732647753806643820e+00 -2.078662720226873262e+01 -1.159750233960798482e+01
-8.990972231363526745e+00 7.205758537731100660e+03 6.036162806523421023e+04 -1.973156833581619551e+01 8.080661384132356943e+03 2.824776935393166696e+03 2.418401338087868680e+03 1.817879046537584145e+03 6.306109427968038972e+02 9.851592238383593212e+03 3.306397754913507015e+03
-4.504222564780545390e+00 2.536020672076112533e+03 2.110076473149510275e+04 -7.864949265224072228e+00 2.824776935393166696e+03 1.120569542400924547e+03 8.269902436026169426e+02 5.814115184152061602e+02 1.020323109325854460e+02 3.467204935966687117e+03 1.130647193135037014e+03
-2.530839212804143479e+00 1.913151200821015436e+03 1.806518490785625545e+04 -8.482771056478306093e+00 2.418401338087868680e+03 8.269902436026169426e+02 9.861488929375075259e+02 8.156103784871095286e+02 -3.245301373813078953e+02 2.615628239854559979e+03 1.348246229551393753e+03
-1.621739717078012621e-01 1.369124629596968816e+03 1.357935120139504033e+04 -7.098565262318166091e+00 1.817879046537584145e+03 5.814115184152061602e+02 8.156103784871095286e+02 8.016453320685044446e+02 -4.752794483249236350e+02 1.871844234536942622e+03 1.115088832379711903e+03
1.702971939887503838e+00 1.038510374693157473e+03 4.710592533640050533e+03 5.732647753806643820e+00 6.306109427968038972e+02 1.020323109325854460e+02 -3.245301373813078953e+02 -4.752794483249236350e+02 1.451423585149066184e+03 1.419833969350492225e+03 -4.436921617351262626e+02
-1.116435077357846062e+01 9.093686031829980493e+03 7.359028157167466998e+04 -2.078662720226873262e+01 9.851592238383593212e+03 3.467204935966687117e+03 2.615628239854559979e+03 1.871844234536942622e+03 1.419833969350492225e+03 1.243273504938761471e+04 3.576043067682614947e+03
-3.460120931738687400e+00 2.615628239854559979e+03 2.469841786833441438e+04 -1.159750233960798482e+01 3.306397754913507015e+03 1.130647193135037014e+03 1.348246229551393753e+03 1.115088832379711903e+03 -4.436921617351262626e+02 3.576043067682614947e+03 1.843299636107528386e+03
