1.928619792231935914e-01 -4.305261171765353279e-01 -2.766773770556593348e+00 1.413136819830120841e-03 -5.159487268937541504e-01 -2.310948411205081543e-01 -1.405799413688886557e-01 1.759848920881356693e-01 1.507989370925774952e-01 -6.547254907321107265e-01 -2.137878921340700122e-01
-4.305261171765353279e-01 1.380259272058219040e+03 8.493074588897550711e+03 -3.784296453087997669e+00 1.583790864358909630e+03 6.098953596927793797e+02 3.718879817989463845e+02 2.679299834225922723e+02 1.978995867789671763e+02 2.099038579035405746e+03 5.655511516409355863e+02
-2.766773770556593348e+00 8.493074588897550711e+03 5.430175468042295688e+04 -2.844090826681552286e+01 1.012620601424344204e+04 3.877338261490151581e+03 2.714961472138570571e+03 2.080878952044807193e+03 4.933716679904543980e+02 1.291590035119813365e+04 4.128795934198400573e+03
1.413136819830120841e-03 -3.784296453087997669e+00 -2.844090826681552286e+01 2.872855549861509650e-02 -5.303668325948287965e+00 -2.311924581202422058e+00 -2.096829686963741946e+00 -1.837641204710695586e+00 1.990363796160828702e+00 -5.754994304579832409e+00 -3.188767861012406613e+00
-5.159487268937541504e-01 1.583790864358909630e+03 1.012620601424344204e+04 -5.303668325948287965e+00 1.888337657712341525e+03 7.230470958779699231e+02 5.062867553618929151e+02 3.880428741781607869e+02 9.200408312889057072e+01 2.408560618075644470e+03 7.699389912263156930e+02
-2.310948411205081543e-01 6.098953596927793797e+02 3.877338261490151581e+03 -2.311924581202422058e+00 7.230470958779699231e+02 3.109100949956762179e+02 1.903417561996976133e+02 1.359352596640076740e+02 2.089822499113412224e+00 9.275024736916393522e+02 2.894635070038236790e+02
-1.405799413688886557e-01 3.718879817989463845e+02 2.714961472138570571e+03 -2.096829686963741946e+00 5.062867553618929151e+02 1.903417561996976133e+02 1.893490084177726374e+02 1.625086953944171739e+02 -9.803764216279188304e+01 5.655511516409355863e+02 2.879537791318963400e+02
1.759848920881356693e-01 2.679299834225922723e+02 2.080878952044807193e+03 -1.837641204710695586e+00 3.880428741781607869e+02 1.359352596640076740e+02 1.625086953944171739e+02 1.729599497066562037e+02 -1.397865615935031087e+02 4.074563258290621093e+02 2.471361924292199319e+02
1.507989370925774952e-01 1.978995867789671763e+02 4.933716679904543980e+02 1.990363796160828702e+00 9.200408312889057072e+01 2.089822499113412224e+00 -9.803764216279188304e+01 -1.397865615935031087e+02 4.014893968565370415e+02 3.009571287318950681e+02 -1.490914042479174952e+02
-6.547254907321107265e-01 2.099038579035405746e+03 1.291590035119813365e+04 -5.754994304579832409e+00 2.408560618075644470e+03 9.275024736916393522e+02 5.655511516409355863e+02 4.074563258290621093e+02 3.009571287318950681e+02 3.192127048499286047e+03 8.600657207989794415e+02
-2.137878921340700122e-01 5.655511516409355863e+02 4.128795934198400573e+03 -3.188767861012406613e+00 7.699389912263156930e+02 2.894635070038236790e+02 2.879537791318963400e+02 2.471361924292199319e+02 -1.490914042479174952e+02 8.600657207989794415e+02 4.379076479418109784e+02
