1.693769811005691572e+00 6.729733348248341684e+00 7.270322517245766392e+01 -1.969512290029943463e-02 6.902685352430064647e+00 2.926371544335937269e+00 1.949441429049391106e+00 3.440027478516336057e+00 1.299981304175677366e+00 8.516292830651101653e+00 2.466964619082395505e+00
6.729733348248341684e+00 1.288828042608983196e+04 1.352208087852816388e+05 -2.140101135236221097e+01 1.283831210970140455e+04 4.159351708561846863e+03 3.193310516505720898e+03 2.633344281968176347e+03 2.508109745075755200e+03 1.630976511434867098e+04 4.041046806830608602e+03
7.270322517245766392e+01 1.352208087852816388e+05 1.465163144605551381e+06 -2.732929727265969291e+02 1.391074488538710575e+05 4.497044262080018234e+04 3.975327408170401031e+04 3.265603988476197992e+04 1.905015206337034761e+04 1.711182218999326869e+05 5.030667717986834759e+04
-1.969512290029943463e-02 -2.140101135236221097e+01 -2.732929727265969291e+02 1.044863827021805663e-01 -2.594734133578165469e+01 -9.767723033578485925e+00 -1.186176909757623044e+01 -9.711949687632161599e+00 6.009369090644032241e+00 -2.708239243925527617e+01 -1.501074320438281262e+01
6.902685352430064647e+00 1.283831210970140455e+04 1.391074488538710575e+05 -2.594734133578165469e+01 1.320732260968928131e+04 4.269642988114512264e+03 3.774307701811137122e+03 3.100472745826866685e+03 1.808684625715990933e+03 1.624653158151794923e+04 4.776282797292677969e+03
2.926371544335937269e+00 4.159351708561846863e+03 4.497044262080018234e+04 -9.767723033578485925e+00 4.269642988114512264e+03 1.620931889568369115e+03 1.209677460295786886e+03 9.173560734407564041e+02 4.054626715654652003e+02 5.263545418928311847e+03 1.530813622087820022e+03
1.949441429049391106e+00 3.193310516505720898e+03 3.975327408170401031e+04 -1.186176909757623044e+01 3.774307701811137122e+03 1.209677460295786886e+03 1.631960519593464824e+03 1.328801480689065784e+03 -3.558086965843594385e+02 4.041046806830608602e+03 2.065201242562900916e+03
3.440027478516336057e+00 2.633344281968176347e+03 3.265603988476197992e+04 -9.711949687632161599e+00 3.100472745826866685e+03 9.173560734407564041e+02 1.328801480689065784e+03 1.268291208467257320e+03 -4.183481902989620380e+02 3.332424907295756384e+03 1.681561800111496495e+03
1.299981304175677366e+00 2.508109745075755200e+03 1.905015206337034761e+04 6.009369090644032241e+00 1.808684625715990933e+03 4.054626715654652003e+02 -3.558086965843594385e+02 -4.183481902989620380e+02 2.123649042408422247e+03 3.173944038367354096e+03 -4.502661390875767324e+02
8.516292830651101653e+00 1.630976511434867098e+04 1.711182218999326869e+05 -2.708239243925527617e+01 1.624653158151794923e+04 5.263545418928311847e+03 4.041046806830608602e+03 3.332424907295756384e+03 3.173944038367354096e+03 2.063956007247811431e+04 5.113833813087810086e+03
2.466964619082395505e+00 4.041046806830608602e+03 5.030667717986834759e+04 -1.501074320438281262e+01 4.776282797292677969e+03 1.530813622087820022e+03 2.065201242562900916e+03 1.681561800111496495e+03 -4.502661390875767324e+02 5.113833813087810086e+03 2.613455485642391977e+03
