3.385902269332595194e-01 -7.683091915764682645e-01 -5.094704839898323456e+00 2.472660860357749242e-03 -9.126123390113477507e-01 -4.065148898703847546e-01 -2.518977014701005990e-01 3.091506091403496415e-01 2.637182704125956567e-01 -1.151110629907168947e+00 -3.774029062654492561e-01
-7.683091915764682645e-01 2.483908252487535265e+03 1.576743684415221833e+04 -6.788372979808527496e+00 2.824414342096141809e+03 1.091290656359150489e+03 6.711649700802412326e+02 4.785650882776968729e+02 3.463632917010368715e+02 3.721487682954487354e+03 1.005565389495668455e+03
-5.094704839898323456e+00 1.576743684415221833e+04 1.039597015896405064e+05 -5.255277296539718890e+01 1.862225769933650736e+04 7.154342658394489263e+03 5.048362482411958808e+03 3.829810965167184804e+03 8.673688608059852641e+02 2.362338542436550779e+04 7.563652473303228362e+03
2.472660860357749242e-03 -6.788372979808527496e+00 -5.255277296539718890e+01 5.110047675180934279e-02 -9.413756157548196057e+00 -4.109844208517750452e+00 -3.760229256989341184e+00 -3.264409985624210364e+00 3.549095803614785716e+00 -1.017060368729752717e+01 -5.633721314366925803e+00
-9.126123390113477507e-01 2.824414342096141809e+03 1.862225769933650736e+04 -9.413756157548196057e+00 3.335797203318011725e+03 1.281554396720725663e+03 9.043110519711792676e+02 6.860324302834950458e+02 1.553714198802449005e+02 4.231647113030210676e+03 1.354873892020795211e+03
-4.065148898703847546e-01 1.091290656359150489e+03 7.154342658394489263e+03 -4.109844208517750452e+00 1.281554396720725663e+03 5.518063712139158952e+02 3.410835217124034102e+02 2.414374855760662228e+02 1.684410157493311466e+00 1.635013987371208714e+03 5.110245612494973670e+02
-2.518977014701005990e-01 6.711649700802412326e+02 5.048362482411958808e+03 -3.760229256989341184e+00 9.043110519711792676e+02 3.410835217124034102e+02 3.417436330571655390e+02 2.905246434873228623e+02 -1.774121776483773942e+02 1.005565389495668910e+03 5.120135656688235031e+02
3.091506091403496415e-01 4.785650882776968729e+02 3.829810965167184804e+03 -3.264409985624210364e+00 6.860324302834950458e+02 2.414374855760662228e+02 2.905246434873228623e+02 3.056554579681499604e+02 -2.491309488183987639e+02 7.170047765387072332e+02 4.352752889524213060e+02
2.637182704125956567e-01 3.463632917010368715e+02 8.673688608059852641e+02 3.549095803614785716e+00 1.553714198802449005e+02 1.684410157493311466e+00 -1.774121776483773942e+02 -2.491309488183987639e+02 7.104599764284872663e+02 5.189349174238266187e+02 -2.658058055338269696e+02
-1.151110629907168947e+00 3.721487682954487354e+03 2.362338542436550779e+04 -1.017060368729752717e+01 4.231647113030210676e+03 1.635013987371208714e+03 1.005565389495668910e+03 7.170047765387072332e+02 5.189349174238266187e+02 5.575677185545103384e+03 1.506577067677841342e+03
-3.774029062654492561e-01 1.005565389495668455e+03 7.563652473303228362e+03 -5.633721314366925803e+00 1.354873892020795211e+03 5.110245612494973670e+02 5.120135656688235031e+02 4.352752889524213060e+02 -2.658058055338269696e+02 1.506577067677841342e+03 7.671185826746624343e+02
