4.505272513643798327e+00 8.666210565187078885e+00 5.103119015333742681e+01 -6.907786147143567257e-02 9.904418669404970288e+00 6.280098866517616507e+00 2.181051760356751412e+00 7.338360398794545603e+00 3.704960255621531640e-01 1.338469502073995443e+01 3.368567197535301538e+00
8.666210565187078885e+00 3.314510291206167312e+04 1.974988664948959195e+05 -9.579028342045440070e+01 3.833168410575346934e+04 1.516243616542000746e+04 8.839982105560189666e+03 6.332951385725212276e+03 4.393210656950988778e+03 5.119158951561980211e+04 1.365307980711028904e+04
5.103119015333742681e+01 1.974988664948959195e+05 1.223202661893439712e+06 -6.985101021906442611e+02 2.374060108047649846e+05 9.337698704694064509e+04 6.262206932726469677e+04 4.787716492176336033e+04 8.518999747697613202e+03 3.050309100029291585e+05 9.671785530807454779e+04
-6.907786147143567257e-02 -9.579028342045440070e+01 -6.985101021906442611e+02 7.754633777283759244e-01 -1.355707455796528222e+02 -6.066555485934279091e+01 -5.294327395786677926e+01 -4.655486665828089343e+01 5.490989951233733279e+01 -1.479451393303810960e+02 -8.176925427731424634e+01
9.904418669404970288e+00 3.833168410575346934e+04 2.374060108047649846e+05 -1.355707455796528222e+02 4.607708577006201813e+04 1.812312766019274204e+04 1.215404129705898595e+04 9.292267820218212364e+03 1.653415095595890989e+03 5.920210425625391508e+04 1.877154204908257452e+04
6.280098866517616507e+00 1.516243616542000746e+04 9.337698704694064509e+04 -6.066555485934279091e+01 1.812312766019274204e+04 7.981987982817636293e+03 4.693739962370329522e+03 3.342094452151986843e+03 -2.009453369980560637e+02 2.341791516823168422e+04 7.249336654172329872e+03
2.181051760356751412e+00 8.839982105560189666e+03 6.262206932726469677e+04 -5.294327395786677926e+01 1.215404129705898595e+04 4.693739962370329522e+03 4.491274589656453827e+03 3.864141539408929020e+03 -2.615599325999370194e+03 1.365307980711028904e+04 6.936635128441842426e+03
7.338360398794545603e+00 6.332951385725212276e+03 4.787716492176336033e+04 -4.655486665828089343e+01 9.292267820218212364e+03 3.342094452151986843e+03 3.864141539408929020e+03 4.153315278581926577e+03 -3.642301014837960338e+03 9.781048157266239286e+03 5.968047468143247897e+03
3.704960255621531640e-01 4.393210656950988778e+03 8.518999747697613202e+03 5.490989951233733279e+01 1.653415095595890989e+03 -2.009453369980560637e+02 -2.615599325999370194e+03 -3.642301014837960338e+03 1.033690263948461325e+04 6.785178407892070936e+03 -4.039712514670331984e+03
1.338469502073995443e+01 5.119158951561980211e+04 3.050309100029291585e+05 -1.479451393303810960e+02 5.920210425625391508e+04 2.341791516823168422e+04 1.365307980711028904e+04 9.781048157266239286e+03 6.785178407892070936e+03 7.906383166431725840e+04 2.108676080939986787e+04
3.368567197535301538e+00 1.365307980711028904e+04 9.671785530807454779e+04 -8.176925427731424634e+01 1.877154204908257452e+04 7.249336654172329872e+03 6.936635128441842426e+03 5.968047468143247897e+03 -4.039712514670331984e+03 2.108676080939986787e+04 1.071341908507400331e+04
