8.464755673331487706e-01 -1.920772978941170717e+00 -1.273676209974580864e+01 6.181652150894373539e-03 -2.281530847528369321e+00 -1.016287224675961998e+00 -6.297442536752515529e-01 7.728765228508740481e-01 6.592956760314890863e-01 -2.877776574767922035e+00 -9.435072656636231958e-01
-1.920772978941170717e+00 6.209770631218838389e+03 3.941859211038054491e+04 -1.697093244952131741e+01 7.061035855240354977e+03 2.728226640897876223e+03 1.677912425200603138e+03 1.196412720694242125e+03 8.659082292525921503e+02 9.303719207386218841e+03 2.513913473739171422e+03
-1.273676209974580864e+01 3.941859211038054491e+04 2.598992539741012442e+05 -1.313819324134929900e+02 4.655564424834126839e+04 1.788585664598622316e+04 1.262090620602989839e+04 9.574527412917961556e+03 2.168422152014963103e+03 5.905846356091376947e+04 1.890913118325807227e+04
6.181652150894373539e-03 -1.697093244952131741e+01 -1.313819324134929900e+02 1.277511918795233570e-01 -2.353439039387049192e+01 -1.027461052129437569e+01 -9.400573142473353627e+00 -8.161024964060525022e+00 8.872739509036964733e+00 -2.542650921824381882e+01 -1.408430328591731495e+01
-2.281530847528369321e+00 7.061035855240354977e+03 4.655564424834126839e+04 -2.353439039387049192e+01 8.339493008295028631e+03 3.203885991801813816e+03 2.260777629927948055e+03 1.715081075708737444e+03 3.884285497006122796e+02 1.057911778257552578e+04 3.387184730051988026e+03
-1.016287224675961998e+00 2.728226640897876223e+03 1.788585664598622316e+04 -1.027461052129437569e+01 3.203885991801813816e+03 1.379515928034789795e+03 8.527088042810084971e+02 6.035937139401655713e+02 4.211025393733278221e+00 4.087534968428022239e+03 1.277561403123743503e+03
-6.297442536752515529e-01 1.677912425200603138e+03 1.262090620602989839e+04 -9.400573142473353627e+00 2.260777629927948055e+03 8.527088042810084971e+02 8.543590826429137906e+02 7.263116087183071841e+02 -4.435304441209435140e+02 2.513913473739172332e+03 1.280033914172058758e+03
7.728765228508740481e-01 1.196412720694242125e+03 9.574527412917961556e+03 -8.161024964060525022e+00 1.715081075708737444e+03 6.035937139401655713e+02 7.263116087183071841e+02 7.641386449203749862e+02 -6.228273720459968672e+02 1.792511941346768026e+03 1.088188222381053265e+03
6.592956760314890863e-01 8.659082292525921503e+02 2.168422152014963103e+03 8.872739509036964733e+00 3.884285497006122796e+02 4.211025393733278221e+00 -4.435304441209435140e+02 -6.228273720459968672e+02 1.776149941071218336e+03 1.297337293559566660e+03 -6.645145138345675377e+02
-2.877776574767922035e+00 9.303719207386218841e+03 5.905846356091376947e+04 -2.542650921824381882e+01 1.057911778257552578e+04 4.087534968428022239e+03 2.513913473739172332e+03 1.792511941346768026e+03 1.297337293559566660e+03 1.393919296386275892e+04 3.766442669194603241e+03
-9.435072656636231958e-01 2.513913473739171422e+03 1.890913118325807227e+04 -1.408430328591731495e+01 3.387184730051988026e+03 1.277561403123743503e+03 1.280033914172058758e+03 1.088188222381053265e+03 -6.645145138345675377e+02 3.766442669194603241e+03 1.917796456686656029e+03
