3.508964687744739130e+00 -3.365608880575775430e+01 -2.583246788370597642e+02 1.518382263190493353e-01 -3.766256401449678748e+01 -1.888743497868724930e+01 -1.040288736601106834e+01 -1.625651604855079979e+00 6.516439702168049131e+00 -4.713169912172858744e+01 -1.456811455905673114e+01
-3.365608880575775430e+01 2.427819429664498966e+04 1.828758677222262777e+05 -5.855114777991177988e+01 2.666247029049587945e+04 9.625841193774822386e+03 6.885696150905583636e+03 4.915515793871019923e+03 3.661212082544182977e+03 3.399897579936803231e+04 9.642670041107294310e+03
-2.583246788370597642e+02 1.828758677222262777e+05 1.427562846108727390e+06 -5.310465670453713756e+02 2.081321742790215067e+05 7.464829442576678412e+04 6.078905723736948858e+04 4.576933134886640619e+04 1.421817553020596097e+04 2.560978022091046732e+05 8.512847622136918653e+04
1.518382263190493353e-01 -5.855114777991177988e+01 -5.310465670453713756e+02 3.710239616450670130e-01 -7.742417571586560143e+01 -3.172319268752874066e+01 -3.265283413186205053e+01 -2.757228625593958782e+01 2.452439568297911521e+01 -8.199452694344468284e+01 -4.572674985072386988e+01
-3.766256401449678748e+01 2.666247029049587945e+04 2.081321742790215067e+05 -7.742417571586560143e+01 3.034472498930086658e+04 1.088338202931352862e+04 8.862768241463445520e+03 6.672960475892778959e+03 2.072945366607811138e+03 3.733789552393554914e+04 1.241134489967252193e+04
-1.888743497868724930e+01 9.625841193774822386e+03 7.464829442576678412e+04 -3.172319268752874066e+01 1.088338202931352862e+04 4.425664653060664023e+03 3.111832100077860105e+03 2.185377906176641318e+03 2.643612963395164570e+02 1.347994574048431241e+04 4.357783077667526413e+03
-1.040288736601106834e+01 6.885696150905583636e+03 6.078905723736948858e+04 -3.265283413186205053e+01 8.862768241463445520e+03 3.111832100077860105e+03 3.543583828612684556e+03 2.952840523686519646e+03 -1.343423351664221400e+03 9.642670041107294310e+03 4.962404508340371649e+03
-1.625651604855079979e+00 4.915515793871019923e+03 4.576933134886640619e+04 -2.757228625593958782e+01 6.672960475892778959e+03 2.185377906176641318e+03 2.952840523686519646e+03 2.958078979289198287e+03 -1.933036795019531610e+03 6.883646307267871634e+03 4.135132632911033397e+03
6.516439702168049131e+00 3.661212082544182977e+03 1.421817553020596097e+04 2.452439568297911521e+01 2.072945366607811138e+03 2.643612963395164570e+02 -1.343423351664221400e+03 -1.933036795019531610e+03 5.736464691213260267e+03 5.127130109835848998e+03 -1.881318580099246446e+03
-4.713169912172858744e+01 3.399897579936803231e+04 2.560978022091046732e+05 -8.199452694344468284e+01 3.733789552393554914e+04 1.347994574048431241e+04 9.642670041107294310e+03 6.883646307267871634e+03 5.127130109835848998e+03 4.761187513709583436e+04 1.350351271446091596e+04
-1.456811455905673114e+01 9.642670041107294310e+03 8.512847622136918653e+04 -4.572674985072386988e+01 1.241134489967252193e+04 4.357783077667526413e+03 4.962404508340371649e+03 4.135132632911033397e+03 -1.881318580099246446e+03 1.350351271446091596e+04 6.949308862276225227e+03
