5.215683754716536669e+00 -3.677452883641957015e+01 -2.612808972591902830e+02 1.665072546128580633e-01 -4.204772093273345490e+01 -2.102298835635511054e+01 -1.139485175226093361e+01 -1.603567237917596366e-01 7.933817084976404921e+00 -5.309876457758852553e+01 -1.645303338300321627e+01
-3.677452883641957015e+01 3.737755135156967299e+04 2.593136152711802279e+05 -9.548489660142892888e+01 4.173112785265926505e+04 1.550799214753347951e+04 1.039406697128825363e+04 7.383816483129740845e+03 5.442685264746642133e+03 5.396946915437237476e+04 1.500799962841504930e+04
-2.612808972591902830e+02 2.593136152711802279e+05 1.866612371789255878e+06 -8.023570755839012918e+02 3.003924011357154814e+05 1.109322931194925914e+05 8.494823320797691122e+04 6.398878522489286843e+04 1.746843391154786150e+04 3.744230869767510449e+05 1.226568056509087328e+05
1.665072546128580633e-01 -9.548489660142892888e+01 -8.023570755839012918e+02 6.557469814173494393e-01 -1.291226674297917612e+02 -5.446917872370317326e+01 -5.313194219690870312e+01 -4.532462592603209828e+01 4.460619416702990492e+01 -1.378707003401078452e+02 -7.671724368823694817e+01
-4.204772093273345490e+01 4.173112785265926505e+04 3.003924011357154814e+05 -1.291226674297917612e+02 4.834190323810218251e+04 1.785224313161128521e+04 1.367064963847883701e+04 1.029766283025222401e+04 2.811180771153091882e+03 6.025560091503112199e+04 1.973905933656437264e+04
-2.102298835635511054e+01 1.550799214753347951e+04 1.109322931194925914e+05 -5.446917872370317326e+01 1.785224313161128521e+04 7.452146435206777824e+03 4.947532114550425831e+03 3.464351869736954541e+03 2.236080104039917273e+02 2.239199930407986176e+04 7.143744632572957926e+03
-1.139485175226093361e+01 1.039406697128825363e+04 8.494823320797691122e+04 -5.313194219690870312e+01 1.367064963847883701e+04 4.947532114550425831e+03 5.329144193748321413e+03 4.477742750632911338e+03 -2.341185926717130315e+03 1.500799962841505294e+04 7.694754546076609586e+03
-1.603567237917596366e-01 7.383816483129740845e+03 6.398878522489286843e+04 -4.532462592603209828e+01 1.029766283025222401e+04 3.464351869736954541e+03 4.477742750632911338e+03 4.592478112604397211e+03 -3.330600124813773618e+03 1.066149711573018612e+04 6.465415483974685230e+03
7.933817084976404921e+00 5.442685264746642133e+03 1.746843391154786150e+04 4.460619416702990492e+01 2.811180771153091882e+03 2.236080104039917273e+02 -2.341185926717130315e+03 -3.330600124813773618e+03 9.675032575688821453e+03 7.858696567622143448e+03 -3.380439785050410137e+03
-5.309876457758852553e+01 5.396946915437237476e+04 3.744230869767510449e+05 -1.378707003401078452e+02 6.025560091503112199e+04 2.239199930407986176e+04 1.500799962841505294e+04 1.066149711573018612e+04 7.858696567622143448e+03 7.792654937205865281e+04 2.167005980129737873e+04
-1.645303338300321627e+01 1.500799962841504930e+04 1.226568056509087328e+05 -7.671724368823694817e+01 1.973905933656437264e+04 7.143744632572957926e+03 7.694754546076609586e+03 6.465415483974685230e+03 -3.380439785050410137e+03 2.167005980129737873e+04 1.111046077413812418e+04
