1.063872328033500531e-03
1.199776332677339723e-03
1.353041347652534504e-03
1.525885149252839300e-03
1.720808822841887829e-03
1.940632954072885876e-03
2.188538443343216594e-03
2.468112534077505481e-03
2.783400720877891345e-03
3.138965288663080055e-03
3.539951329869599900e-03
3.992161194997716905e-03
4.502138453816728267e-03
5.077262582165566543e-03
5.725855744486161268e-03
6.457303217254808936e-03
7.282189195863363398e-03
8.212449950103761429e-03
9.261546544447225859e-03
1.044465962241616051e-02
1.177890907361861007e-02
1.328360176207250137e-02
1.498051090049946216e-02
1.689419111319172620e-02
1.905233374647659003e-02
2.148616756819396109e-02
2.423091065439085534e-02
2.732628000212625197e-02
3.081706624258844646e-02
3.475378177074189834e-02
3.919339167007293567e-02
4.420013800906567175e-02
4.984646943714775291e-02
5.621408953155047211e-02
6.339513906487799499e-02
7.149352930104055370e-02
8.062644561261805842e-02
9.092604317730673680e-02
1.025413592905250471e-01
1.156404699657359314e-01
1.304129220289353408e-01
1.470724759002143833e-01
1.658601987510095466e-01
1.870479527956617205e-01
2.109423291935801914e-01
2.378890844863862375e-01
2.682781437661934110e-01
3.025492429718992793e-01
3.411982919586761254e-01
3.847845504155854024e-01
4.339387204683199939e-01
4.893720730687000642e-01
5.518867402316565141e-01
6.223873220504878567e-01
7.018939764462892583e-01
7.915571810629207228e-01
8.926743809151689302e-01
1.006708762685000202e+00
1.135310427333831917e+00
1.280340267402872323e+00
1.443896894510984463e+00
1.628347006696501120e+00
1.836359635024676473e+00
2.070944765016227596e+00
2.335496891756982052e+00
2.633844138940027335e+00
2.970303652603008437e+00
3.349744071119336475e+00
3.777655975396952304e+00
4.260231338713487581e+00
4.804453125843302530e+00
5.418196337994183764e+00
6.110341965694738420e+00
6.890905498554179331e+00
7.771181851457189538e+00
8.763908804305708955e+00
9.883451320314303956e+00
1.114600940998279910e+01
1.256985254858060941e+01
1.417558403921195520e+01
1.598643914684996048e+01
1.802862131740036844e+01
2.033168134695388218e+01
2.292894498788437119e+01
2.585799517934084690e+01
2.916121588010791754e+01
3.288640537320787161e+01
3.708746791688828637e+01
4.182519375032711650e+01
4.716813874089834258e+01
