1.620476360292542051e-01 3.907112986086544448e-01 2.080386164052149933e+00 -7.248364355875488562e-04 5.979701675448620968e-01 2.303715815327740113e-01 1.909879492013353275e-01 2.392971074882985216e-01 6.387775795905195619e-02 7.287390462117872003e-01 3.562230640233740586e-01
3.907112986086544448e-01 4.145814849423368287e+02 2.076324347437996948e+03 -6.424207162831252482e-01 5.968026702776382990e+02 3.253699248300507918e+01 1.658532140465788984e+02 2.219804232136647215e+02 1.460953639676884563e+02 7.732607605406294624e+02 3.093427639432646288e+02
2.080386164052149933e+00 2.076324347437996948e+03 1.089606460382805381e+04 -3.755085203319493026e+00 3.131880844679265920e+03 1.430830813814835381e+02 9.701805175208162382e+02 1.285025805048943312e+03 6.250599605485950860e+02 3.872676909949905166e+03 1.809541795973334047e+03
-7.248364355875488562e-04 -6.424207162831252482e-01 -3.755085203319493026e+00 3.753159647566197982e-03 -1.079332754165492236e+00 -2.943339393483460076e-01 -4.078715928053490702e-01 -4.784763088561385658e-01 2.078705517513552981e-01 -1.198217358233541141e+00 -7.607457388007791144e-01
5.979701675448620968e-01 5.968026702776382990e+02 3.131880844679265920e+03 -1.079332754165492236e+00 9.002036957290879400e+02 4.112669831444625146e+01 2.788612117476769185e+02 3.693579149978072564e+02 1.796624183496824401e+02 1.113132408157956888e+03 5.201207495102728444e+02
2.303715815327740113e-01 3.253699248300507918e+01 1.430830813814835381e+02 -2.943339393483460076e-01 4.112669831444625146e+01 6.784789039290987489e+01 7.441012732064001156e+00 -8.626207599964542894e+00 -3.143804311319712497e+01 6.068669361009364849e+01 1.387867855504595838e+01
1.909879492013353275e-01 1.658532140465788984e+02 9.701805175208162382e+02 -4.078715928053490702e-01 2.788612117476769185e+02 7.441012732064001156e+00 1.055056352238242425e+02 1.374283952580297523e+02 2.852828220613281829e+01 3.093427639432646288e+02 1.967848799273894258e+02
2.392971074882985216e-01 2.219804232136647215e+02 1.285025805048943312e+03 -4.784763088561385658e-01 3.693579149978072564e+02 -8.626207599964542894e+00 1.374283952580297523e+02 1.989837509550892491e+02 3.883719467457716235e+01 4.140289837188543061e+02 2.563259318053792981e+02
6.387775795905195619e-02 1.460953639676884563e+02 6.250599605485950860e+02 2.078705517513552981e-01 1.796624183496824401e+02 -3.143804311319712497e+01 2.852828220613281829e+01 3.883719467457716235e+01 1.373261812327606606e+02 2.724912142876509620e+02 5.320980795536543440e+01
7.287390462117872003e-01 7.732607605406294624e+02 3.872676909949905166e+03 -1.198217358233541141e+00 1.113132408157956888e+03 6.068669361009364849e+01 3.093427639432646288e+02 4.140289837188543061e+02 2.724912142876509620e+02 1.442254961952866097e+03 5.769737183216934682e+02
3.562230640233740586e-01 3.093427639432646288e+02 1.809541795973334047e+03 -7.607457388007791144e-01 5.201207495102728444e+02 1.387867855504595838e+01 1.967848799273894258e+02 2.563259318053792981e+02 5.320980795536543440e+01 5.769737183216934682e+02 3.670352667503084945e+02
