4.853228222189357233e+00 -3.488667432127171963e+01 -2.517819135735693408e+02 1.566652155763234300e-01 -3.969133558247611404e+01 -1.981111741493197798e+01 -1.078836459465295228e+01 -2.388898950641702157e-01 7.392570257724872640e+00 -5.003902383529732845e+01 -1.547408125304042414e+01
-3.488667432127171963e+01 3.521742100489996665e+04 2.483740982946259028e+05 -8.986198478567381187e+01 3.915412169796844682e+04 1.458253763922906182e+04 9.804334560836674427e+03 6.932049658970027849e+03 5.056945562087351391e+03 5.051342391806560045e+04 1.406265688328449505e+04
-2.517819135735693408e+02 2.483740982946259028e+05 1.817050256256033434e+06 -7.669742710331814806e+02 2.864429397157990607e+05 1.060127064111257641e+05 8.140012852528838266e+04 6.102607835024571978e+04 1.633060066116677444e+04 3.562505646190877305e+05 1.167546936106088397e+05
1.566652155763234300e-01 -8.986198478567381187e+01 -7.669742710331814806e+02 6.147493794865600547e-01 -1.209071483437111425e+02 -5.105251069745911252e+01 -4.998957765632158612e+01 -4.245704311900730232e+01 4.188421582943352206e+01 -1.288917928137309445e+02 -7.170157994497942866e+01
-3.969133558247611404e+01 3.915412169796844682e+04 2.864429397157990607e+05 -1.209071483437111425e+02 4.515535958927688625e+04 1.671202608022524510e+04 1.283205680621639294e+04 9.620256358780625305e+03 2.574384084647053442e+03 5.615995410890050698e+04 1.840541148947055990e+04
-1.981111741493197798e+01 1.458253763922906182e+04 1.060127064111257641e+05 -5.105251069745911252e+01 1.671202608022524510e+04 6.982193017187517398e+03 4.653577696542037302e+03 3.245711110331470536e+03 1.970929052789042544e+02 2.091617967905817568e+04 6.674768799463681717e+03
-1.078836459465295228e+01 9.804334560836674427e+03 8.140012852528838266e+04 -4.998957765632158612e+01 1.283205680621639294e+04 4.653577696542037302e+03 5.026649203209189182e+03 4.205088664351113039e+03 -2.216540533638500165e+03 1.406265688328449505e+04 7.209876670236139944e+03
-2.388898950641702157e-01 6.932049658970027849e+03 6.102607835024571978e+04 -4.245704311900730232e+01 9.620256358780625305e+03 3.245711110331470536e+03 4.205088664351113039e+03 4.288835384413187057e+03 -3.126473574820032809e+03 9.942850812270309689e+03 6.031487265517425840e+03
7.392570257724872640e+00 5.056945562087351391e+03 1.633060066116677444e+04 4.188421582943352206e+01 2.574384084647053442e+03 1.970929052789042544e+02 -2.216540533638500165e+03 -3.126473574820032809e+03 9.042491528360007578e+03 7.253331664256670592e+03 -3.179251870592076102e+03
-5.003902383529732845e+01 5.051342391806560045e+04 3.562505646190877305e+05 -1.288917928137309445e+02 5.615995410890050698e+04 2.091617967905817568e+04 1.406265688328449505e+04 9.942850812270309689e+03 7.253331664256670592e+03 7.245294865774484060e+04 2.017049881252855630e+04
-1.547408125304042414e+01 1.406265688328449505e+04 1.167546936106088397e+05 -7.170157994497942866e+01 1.840541148947055990e+04 6.674768799463681717e+03 7.209876670236139944e+03 6.031487265517425840e+03 -3.179251870592076102e+03 2.017049881252855630e+04 1.034134659065287997e+04
