1.601090694337032605e-01 3.775940028162304007e-01 1.905105732395058871e+00 -7.508909707292835654e-04 5.921916773511225474e-01 2.361201119987798025e-01 1.822794652062839638e-01 2.328625424724125037e-01 5.788699333584565454e-02 7.379462007614212560e-01 3.562356335708702915e-01
3.775940028162304007e-01 3.878608995948123379e+02 1.849693300227501823e+03 -6.157529877804371887e-01 5.749670264598796621e+02 3.000246821605694336e+01 1.553749839630517329e+02 2.152250313496145964e+02 1.406289771203963994e+02 7.580111843545300871e+02 3.036551911675972519e+02
1.905105732395058871e+00 1.849693300227501823e+03 9.237144137431132549e+03 -3.419551118084189323e+00 2.871315637585354580e+03 1.238115666649043334e+02 8.646098316685407781e+02 1.184110922994452494e+03 5.743378836031890842e+02 3.614925378306529637e+03 1.689739603018254911e+03
-7.508909707292835654e-04 -6.157529877804371887e-01 -3.419551118084189323e+00 3.728045031869688889e-03 -1.062948726662198862e+00 -2.908293124396300611e-01 -3.902163743218221015e-01 -4.712343553123169992e-01 2.080009148989379053e-01 -1.203389287306062760e+00 -7.626145774508774622e-01
5.921916773511225474e-01 5.749670264598796621e+02 2.871315637585354580e+03 -1.062948726662198862e+00 8.925327317599906110e+02 3.848614703740535248e+01 2.687592283008727918e+02 3.680743917432400281e+02 1.785297838717208947e+02 1.123679744843981325e+03 5.252462961937577575e+02
2.361201119987798025e-01 3.000246821605694336e+01 1.238115666649043334e+02 -2.908293124396300611e-01 3.848614703740535248e+01 6.793633464193143823e+01 6.292603151012484020e+00 -9.882843731789868968e+00 -3.185855598405251143e+01 5.863495518566225684e+01 1.229787166521546027e+01
1.822794652062839638e-01 1.553749839630517329e+02 8.646098316685407781e+02 -3.902163743218221015e-01 2.687592283008727918e+02 6.292603151012484020e+00 9.898262011140347738e+01 1.330854457345794799e+02 2.771269158155355328e+01 3.036551911675972519e+02 1.934454676394068144e+02
2.328625424724125037e-01 2.152250313496145964e+02 1.184110922994452494e+03 -4.712343553123169992e-01 3.680743917432400281e+02 -9.882843731789868968e+00 1.330854457345794799e+02 1.986987425773043583e+02 3.967629261850640177e+01 4.206223960355200688e+02 2.600939059518656222e+02
5.788699333584565454e-02 1.406289771203963994e+02 5.743378836031890842e+02 2.080009148989379053e-01 1.785297838717208947e+02 -3.185855598405251143e+01 2.771269158155355328e+01 3.967629261850640177e+01 1.359293507475991589e+02 2.748365138454485646e+02 5.415995834932103747e+01
7.379462007614212560e-01 7.580111843545300871e+02 3.614925378306529637e+03 -1.203389287306062760e+00 1.123679744843981325e+03 5.863495518566225684e+01 3.036551911675972519e+02 4.206223960355200688e+02 2.748365138454485646e+02 1.481409846176313067e+03 5.934447925346642023e+02
3.562356335708702915e-01 3.036551911675972519e+02 1.689739603018254911e+03 -7.626145774508774622e-01 5.252462961937577575e+02 1.229787166521546027e+01 1.934454676394068144e+02 2.600939059518656222e+02 5.415995834932103747e+01 5.934447925346642023e+02 3.780577732546565812e+02
