5.970217969387527912e-01 -5.931526603081989535e+00 -4.710901430708628368e+01 2.648900605663833882e-02 -6.583084448842323688e+00 -3.294735619927497972e+00 -1.835488555378892661e+00 -3.082250083232874749e-01 1.128344886932294955e+00 -8.205746751193059296e+00 -2.539237410201697909e+00
-5.931526603081989535e+00 4.225721752237674082e+03 3.295206831338715710e+04 -1.017740200247266991e+01 4.604771542384363784e+03 1.669635657636043788e+03 1.201950466994064755e+03 8.509605546083844274e+02 6.197062366623833896e+02 5.845915370564649493e+03 1.662793037884516025e+03
-4.710901430708628368e+01 3.295206831338715710e+04 2.661529994039407466e+05 -9.537368523178702162e+01 3.719262007834590622e+04 1.339723509607285632e+04 1.096766326347689937e+04 8.187822322149539104e+03 2.451290663410602519e+03 4.558629600804148504e+04 1.517280005887397965e+04
2.648900605663833882e-02 -1.017740200247266991e+01 -9.537368523178702162e+01 6.400383768391566808e-02 -1.332766209000717517e+01 -5.471311432408733744e+00 -5.672295589437085006e+00 -4.750516104983766752e+00 4.245751316753350935e+00 -1.407954292474771130e+01 -7.847123383151533460e+00
-6.583084448842323688e+00 4.604771542384363784e+03 3.719262007834590622e+04 -1.332766209000717517e+01 5.197352618193703165e+03 1.872149764024571596e+03 1.532637745279108458e+03 1.144178594938647848e+03 3.425470407998608380e+02 6.370297505582045233e+03 2.120269880024687609e+03
-3.294735619927497972e+00 1.669635657636043788e+03 1.339723509607285632e+04 -5.471311432408733744e+00 1.872149764024571596e+03 7.625044801803591099e+02 5.403863477135299718e+02 3.768611824109692634e+02 4.241671180558170562e+01 2.309794474529421677e+03 7.475771102224097149e+02
-1.835488555378892661e+00 1.201950466994064755e+03 1.096766326347689937e+04 -5.672295589437085006e+00 1.532637745279108458e+03 5.403863477135299718e+02 6.185550008516180469e+02 5.112904230761917574e+02 -2.368101756474623869e+02 1.662793037884516025e+03 8.557165850078247331e+02
-3.082250083232874749e-01 8.509605546083844274e+02 8.187822322149539104e+03 -4.750516104983766752e+00 1.144178594938647848e+03 3.768611824109692634e+02 5.112904230761917574e+02 5.067474253476695480e+02 -3.344753607360075307e+02 1.177229282381197663e+03 7.073254507353326517e+02
1.128344886932294955e+00 6.197062366623833896e+02 2.451290663410602519e+03 4.245751316753350935e+00 3.425470407998608380e+02 4.241671180558170562e+01 -2.368101756474623869e+02 -3.344753607360075307e+02 9.827195412463225921e+02 8.573092187674266142e+02 -3.276061053926561044e+02
-8.205746751193059296e+00 5.845915370564649493e+03 4.558629600804148504e+04 -1.407954292474771130e+01 6.370297505582045233e+03 2.309794474529421677e+03 1.662793037884516025e+03 1.177229282381197663e+03 8.573092187674266142e+02 8.087311120687787479e+03 2.300328310327010058e+03
-2.539237410201697909e+00 1.662793037884516025e+03 1.517280005887397965e+04 -7.847123383151533460e+00 2.120269880024687609e+03 7.475771102224097149e+02 8.557165850078247331e+02 7.073254507353326517e+02 -3.276061053926561044e+02 2.300328310327010058e+03 1.183808833247327811e+03
