7.017942912483540741e-02 -6.731249010825863799e-01 -5.166517445923850538e+00 3.036777619955310231e-03 -7.532547603082745402e-01 -3.777503627625706795e-01 -2.080586925013351018e-01 -3.251337398150152408e-02 1.303291382449422442e-01 -9.426383586122555336e-01 -2.913636148046881980e-01
-6.731249010825863799e-01 4.855651964535390448e+02 3.657526976362415098e+03 -1.171026314754087139e+00 5.332508086418114317e+02 1.925174020537285173e+02 1.377142502050956239e+02 9.831052173076538736e+01 7.322441781628789670e+01 6.799813512292635096e+02 1.928538590120019478e+02
-5.166517445923850538e+00 3.657526976362415098e+03 2.855133001815267198e+04 -1.062096147521654110e+01 4.162654142641797989e+03 1.492970282907617047e+03 1.215783983989586204e+03 9.153885423215714354e+02 2.843640437293859122e+02 5.121969518633672124e+03 1.702573500477889638e+03
3.036777619955310231e-03 -1.171026314754087139e+00 -1.062096147521654110e+01 7.420502277726026032e-03 -1.548487907762611693e+00 -6.344657867323175715e-01 -6.530584966904644517e-01 -5.514471990598117657e-01 4.904894920716179052e-01 -1.639895243002039038e+00 -9.145375373991078138e-01
-7.532547603082745402e-01 5.332508086418114317e+02 4.162654142641797989e+03 -1.548487907762611693e+00 6.068960535371256810e+02 2.176682812686915156e+02 1.772557787778759746e+02 1.334594887663404847e+02 4.145898505939689471e+01 7.467598749925060702e+02 2.482274776835419630e+02
-3.777503627625706795e-01 1.925174020537285173e+02 1.492970282907617047e+03 -6.344657867323175715e-01 2.176682812686915156e+02 8.851356923938425325e+01 6.223681298095749526e+01 4.370766994541737915e+01 5.287242421883353138e+00 2.695997244855409463e+02 8.715590099144141334e+01
-2.080586925013351018e-01 1.377142502050956239e+02 1.215783983989586204e+03 -6.530584966904644517e-01 1.772557787778759746e+02 6.223681298095749526e+01 7.087183616933053543e+01 5.905693388462434257e+01 -2.686855859565012494e+01 1.928538590120019478e+02 9.924831366518984055e+01
-3.251337398150152408e-02 9.831052173076538736e+01 9.153885423215714354e+02 -5.514471990598117657e-01 1.334594887663404847e+02 4.370766994541737915e+01 5.905693388462434257e+01 5.916170037109333180e+01 -3.866085677844839097e+01 1.376732144206224291e+02 8.270282548178182935e+01
1.303291382449422442e-01 7.322441781628789670e+01 2.843640437293859122e+02 4.904894920716179052e-01 4.145898505939689471e+01 5.287242421883353138e+00 -2.686855859565012494e+01 -3.866085677844839097e+01 1.147296185588399169e+02 1.025428488972434877e+02 -3.762649982513929814e+01
-9.426383586122555336e-01 6.799813512292635096e+02 5.121969518633672124e+03 -1.639895243002039038e+00 7.467598749925060702e+02 2.695997244855409463e+02 1.928538590120019478e+02 1.376732144206224291e+02 1.025428488972434877e+02 9.522400727989925144e+02 2.700708959343767788e+02
-2.913636148046881980e-01 1.928538590120019478e+02 1.702573500477889638e+03 -9.145375373991078138e-01 2.482274776835419630e+02 8.715590099144141334e+01 9.924831366518984055e+01 8.270282548178182935e+01 -3.762649982513929814e+01 2.700708959343767788e+02 1.389864902307491263e+02
