2.339666434173617304e+00 9.211971177959018320e+00 9.542346133865832769e+01 -2.711853187681600649e-02 9.510501744703175220e+00 4.028094169497566490e+00 2.662429087441880338e+00 4.727614181971473428e+00 1.805603266764544079e+00 1.176606024047957533e+01 3.400607798665161496e+00
9.211971177959018320e+00 1.752151751791082279e+04 1.762299680321528867e+05 -2.920467315542197539e+01 1.756418594469672826e+04 5.678562954298542536e+03 4.331619964810765850e+03 3.586940559805776502e+03 3.460624477793217920e+03 2.237949149402709736e+04 5.532594540327182585e+03
9.542346133865832769e+01 1.762299680321528867e+05 1.831633447475370253e+06 -3.583129757305794669e+02 1.825520983361565741e+05 5.889337025239789364e+04 5.178597127463453944e+04 4.273533904174636700e+04 2.521557752843827257e+04 2.250910668289243476e+05 6.614402562254792429e+04
-2.711853187681600649e-02 -2.920467315542197539e+01 -3.583129757305794669e+02 1.437872862160450294e-01 -3.571172259976388830e+01 -1.343212208998577850e+01 -1.619605070853802431e+01 -1.334408029381841843e+01 8.240945910382780681e+00 -3.730189087785919355e+01 -2.068652893209994659e+01
9.510501744703175220e+00 1.756418594469672826e+04 1.825520983361565741e+05 -3.571172259976388830e+01 1.819428917552669736e+04 5.869683332373186204e+03 5.161315291326916849e+03 4.259272413883335503e+03 2.513142897078669648e+03 2.243399006661606109e+04 6.592329205627806004e+03
4.028094169497566490e+00 5.678562954298542536e+03 5.889337025239789364e+04 -1.343212208998577850e+01 5.869683332373186204e+03 2.227365975593392250e+03 1.651106278797740060e+03 1.256375743628187593e+03 5.621095956418296282e+02 7.252987716624124914e+03 2.108888050610732989e+03
2.662429087441880338e+00 4.331619964810765850e+03 5.178597127463453944e+04 -1.619605070853802431e+01 5.161315291326916849e+03 1.651106278797740060e+03 2.213310286347622423e+03 1.812268039890883529e+03 -4.776747474872385624e+02 5.532594540327182585e+03 2.826967394595017140e+03
4.727614181971473428e+00 3.586940559805776502e+03 4.273533904174636700e+04 -1.334408029381841843e+01 4.259272413883335503e+03 1.256375743628187593e+03 1.812268039890883529e+03 1.745016482298057554e+03 -5.755361813710169372e+02 4.581447107289462110e+03 2.314733135538997885e+03
1.805603266764544079e+00 3.460624477793217920e+03 2.521557752843827257e+04 8.240945910382780681e+00 2.513142897078669648e+03 5.621095956418296282e+02 -4.776747474872385624e+02 -5.755361813710169372e+02 2.935109677070789985e+03 4.420108930954611424e+03 -6.101137037573691941e+02
1.176606024047957533e+01 2.237949149402709736e+04 2.250910668289243476e+05 -3.730189087785919355e+01 2.243399006661606109e+04 7.252987716624124914e+03 5.532594540327182585e+03 4.581447107289462110e+03 4.420108930954611424e+03 2.858437569801026621e+04 7.066548449846610310e+03
3.400607798665161496e+00 5.532594540327182585e+03 6.614402562254792429e+04 -2.068652893209994659e+01 6.592329205627806004e+03 2.108888050610732989e+03 2.826967394595017140e+03 2.314733135538997885e+03 -6.101137037573691941e+02 7.066548449846610310e+03 3.610765602725868575e+03
