2.614656257231839920e+00 -2.205218396538973380e+01 -1.805980028982608303e+02 9.699178444928106824e-02 -2.430325522351883194e+01 -1.214364362912162676e+01 -6.833197346898886693e+00 -5.229631127999786466e-01 4.497988787711780567e+00 -3.019171800293755936e+01 -9.355353087920159183e+00
-2.205218396538973380e+01 1.752245177464677181e+04 1.410551875467265781e+05 -4.011013575643848128e+01 1.898193871767573364e+04 6.707758745357206863e+03 5.015421551691020795e+03 3.580918586745512584e+03 2.739332008004504587e+03 2.399004667884641094e+04 6.866630234545779786e+03
-1.805980028982608303e+02 1.410551875467265781e+05 1.175442975138021400e+06 -3.870905253338643774e+02 1.581805455598796834e+05 5.552753001638257410e+04 4.713842925957268017e+04 3.536591306563925173e+04 1.234136898835209831e+04 1.931191237995357660e+05 6.453737940605313634e+04
9.699178444928106824e-02 -4.011013575643848128e+01 -3.870905253338643774e+02 2.367513301021638428e-01 -5.209116203291903702e+01 -2.081171011561928097e+01 -2.235120024501826919e+01 -1.869544659181635993e+01 1.518570895433362722e+01 -5.491491952536551224e+01 -3.060110218035059759e+01
-2.430325522351883194e+01 1.898193871767573364e+04 1.581805455598796834e+05 -5.209116203291903702e+01 2.128651540129641580e+04 7.472395664751528784e+03 6.343465922912566384e+03 4.759226556515190168e+03 1.660790460127673441e+03 2.598823507968949707e+04 8.684860175591022198e+03
-1.214364362912162676e+01 6.707758745357206863e+03 5.552753001638257410e+04 -2.081171011561928097e+01 7.472395664751528784e+03 2.970032261723646570e+03 2.179041612634432113e+03 1.529644205857635598e+03 2.738671058079056024e+02 9.183614683670801242e+03 2.983333078872324677e+03
-6.833197346898886693e+00 5.015421551691020795e+03 4.713842925957268017e+04 -2.235120024501826919e+01 6.343465922912566384e+03 2.179041612634432113e+03 2.580839588372013623e+03 2.132181404263756122e+03 -8.599486792604238872e+02 6.866630234545779786e+03 3.533436016370914331e+03
-5.229631127999786466e-01 3.580918586745512584e+03 3.536591306563925173e+04 -1.869544659181635993e+01 4.759226556515190168e+03 1.529644205857635598e+03 2.132181404263756122e+03 2.097064029874748485e+03 -1.257905653655280730e+03 4.902647480729351628e+03 2.919176612605453101e+03
4.497988787711780567e+00 2.739332008004504587e+03 1.234136898835209831e+04 1.518570895433362722e+01 1.660790460127673441e+03 2.738671058079056024e+02 -8.599486792604238872e+02 -1.257905653655280730e+03 3.834662425261803492e+03 3.750428512291389325e+03 -1.177358580990345672e+03
-3.019171800293755936e+01 2.399004667884641094e+04 1.931191237995357660e+05 -5.491491952536551224e+01 2.598823507968949707e+04 9.183614683670801242e+03 6.866630234545779786e+03 4.902647480729351628e+03 3.750428512291389325e+03 3.284485225326472573e+04 9.401126164974253697e+03
-9.355353087920159183e+00 6.866630234545779786e+03 6.453737940605313634e+04 -3.060110218035059759e+01 8.684860175591022198e+03 2.983333078872324677e+03 3.533436016370914331e+03 2.919176612605453101e+03 -1.177358580990345672e+03 9.401126164974253697e+03 4.837638936584497060e+03
