5.970229419384112668e-02 -5.931553908616221671e-01 -4.710923021801102450e+00 2.648911979250814005e-03 -6.583114620559388230e-01 -3.294750044116130927e-01 -1.835496839571881811e-01 -3.082280502919367005e-02 1.128347910670278453e-01 -8.205784526004467061e-01 -2.539248870656020673e-01
-5.931553908616221671e-01 4.225733099200378433e+02 3.295215459769642166e+03 -1.017743109065883722e+00 4.604783599883397756e+02 1.669640642524979626e+02 1.201953313008777116e+02 8.509623332904583037e+01 6.197077109671593576e+01 5.845931068092214673e+02 1.662796975096222809e+02
-4.710923021801102450e+00 3.295215459769642166e+03 2.661536779821461096e+04 -9.537395494497770798e+00 3.719271490388400252e+03 1.339727431619306117e+03 1.096768880086561921e+03 8.187839428047261663e+02 2.451295116052512242e+02 4.558641537481463274e+03 1.517283538761117825e+03
2.648911979250814005e-03 -1.017743109065883722e+00 -9.537395494497770798e+00 6.400403591212903108e-03 -1.332769978013373491e+00 -5.471328042075805920e-01 -5.672311302628829655e-01 -4.750528778385842976e-01 4.245764957015423779e-01 -1.407958316570170121e+00 -7.847145120973977317e-01
-6.583114620559388230e-01 4.604783599883397756e+02 3.719271490388400252e+03 -1.332769978013373491e+00 5.197365869256889255e+02 1.872155244703104415e+02 1.532641313912182852e+02 1.144180985342500350e+02 3.425476630187321803e+01 6.370314186074293730e+02 2.120274816915511451e+02
-3.294750044116130927e-01 1.669640642524979626e+02 1.339727431619306117e+03 -5.471328042075805920e-01 1.872155244703104415e+02 7.625068472041461121e+01 5.403878259839996900e+01 3.768621433165190382e+01 4.241683842830983764e+00 2.309801370685997881e+02 7.475791552799330475e+01
-1.835496839571881811e-01 1.201953313008777116e+02 1.096768880086561921e+03 -5.672311302628829655e-01 1.532641313912182852e+02 5.403878259839996900e+01 6.185563905121169626e+01 5.112914903329512839e+01 -2.368109782654641293e+01 1.662796975096222809e+02 8.557185074812262826e+01
-3.082280502919367005e-02 8.509623332904583037e+01 8.187839428047261663e+02 -4.750528778385842976e-01 1.144180985342500350e+02 3.768621433165190382e+01 5.112914903329512839e+01 5.067484588801804790e+01 -3.344764028524988220e+01 1.177231743031823470e+02 7.073269271914412570e+01
1.128347910670278453e-01 6.197077109671593576e+01 2.451295116052512242e+02 4.245764957015423779e-01 3.425476630187321803e+01 4.241683842830983764e+00 -2.368109782654641293e+01 -3.344764028524988220e+01 9.827223174310225318e+01 8.573112583387604957e+01 -3.276072157442571608e+01
-8.205784526004467061e-01 5.845931068092214673e+02 4.558641537481463274e+03 -1.407958316570170121e+00 6.370314186074293730e+02 2.309801370685997881e+02 1.662796975096222809e+02 1.177231743031823470e+02 8.573112583387604957e+01 8.087332836840211030e+02 2.300333757114040054e+02
-2.539248870656020673e-01 1.662796975096222809e+02 1.517283538761117825e+03 -7.847145120973977317e-01 2.120274816915511451e+02 7.475791552799330475e+01 8.557185074812262826e+01 7.073269271914412570e+01 -3.276072157442571608e+01 2.300333757114040054e+02 1.183811492820642428e+02
