4.991941494814201852e-02 -4.082990846464411017e-01 -3.358090081951598638e+00 1.799785359555074226e-03 -4.495503139898428535e-01 -2.252119352731925817e-01 -1.265424326928396570e-01 -8.108845756173226407e-03 8.514877335925979951e-02 -5.582196617024787200e-01 -1.730066919693776240e-01
-4.082990846464411017e-01 3.325708142965926299e+02 2.691315538636046313e+03 -7.602006683797614128e-01 3.602886509632995740e+02 1.268013242622233037e+02 9.565773257564511312e+01 6.845634060335333970e+01 5.192561855019553008e+01 4.546852403784346279e+02 1.307816478791321231e+02
-3.358090081951598638e+00 2.691315538636046313e+03 2.254477130504832894e+04 -7.369645092328017455e+00 3.018087297147067602e+03 1.055040603033832667e+03 9.032608443884680582e+02 6.789686378660820765e+02 2.355300184798454666e+02 3.679521473365453858e+03 1.234923079536766863e+03
1.799785359555074226e-03 -7.602006683797614128e-01 -7.369645092328017455e+00 4.471698544308909222e-03 -9.865805217840835084e-01 -3.932483641018391651e-01 -4.241394355203838007e-01 -3.549289708693529888e-01 2.866330717151800433e-01 -1.039333605894351642e+00 -5.798763237882088584e-01
-4.495503139898428535e-01 3.602886509632995740e+02 3.018087297147067602e+03 -9.865805217840835084e-01 4.040338582259557256e+02 1.412391635695044840e+02 1.209202809632725604e+02 9.089409661237088756e+01 3.153059959014349189e+01 4.925806018647625706e+02 1.653201804033853080e+02
-2.252119352731925817e-01 1.268013242622233037e+02 1.055040603033832667e+03 -3.932483641018391651e-01 1.412391635695044840e+02 5.602861015565482461e+01 4.134959819853122553e+01 2.907063208735472060e+01 5.101629334813948979e+00 1.733606441816488939e+02 5.653247725966639337e+01
-1.265424326928396570e-01 9.565773257564511312e+01 9.032608443884680582e+02 -4.241394355203838007e-01 1.209202809632725604e+02 4.134959819853122553e+01 4.930752848777886044e+01 4.078058316829266516e+01 -1.622654834676380631e+01 1.307816478791320947e+02 6.741242610344697539e+01
-8.108845756173226407e-03 6.845634060335333970e+01 6.789686378660820765e+02 -3.549289708693529888e-01 9.089409661237088756e+01 2.907063208735472060e+01 4.078058316829266516e+01 4.008232818312955459e+01 -2.376402808768595065e+01 9.359236091867312268e+01 5.575452945221918810e+01
8.514877335925979951e-02 5.192561855019553008e+01 2.355300184798454666e+02 2.866330717151800433e-01 3.153059959014349189e+01 5.101629334813948979e+00 -1.622654834676380631e+01 -2.376402808768595065e+01 7.257133372612192090e+01 7.099183493365384834e+01 -2.218466479437002903e+01
-5.582196617024787200e-01 4.546852403784346279e+02 3.679521473365453858e+03 -1.039333605894351642e+00 4.925806018647625706e+02 1.733606441816488939e+02 1.307816478791320947e+02 9.359236091867312268e+01 7.099183493365384834e+01 6.216380359631366446e+02 1.788024758840668369e+02
-1.730066919693776240e-01 1.307816478791321231e+02 1.234923079536766863e+03 -5.798763237882088584e-01 1.653201804033853080e+02 5.653247725966639337e+01 6.741242610344697539e+01 5.575452945221918810e+01 -2.218466479437002903e+01 1.788024758840668369e+02 9.216513851995367190e+01
