9.529437880581967946e+00 2.701577337785380095e+01 1.445159846484507682e+02 -1.919682124802282452e-01 3.189271635830122520e+01 1.944475232504782625e+01 6.735871581042533585e+00 1.721498303254561435e+01 -8.863036962149444253e-01 4.404154778528543801e+01 1.098092606725881204e+01
2.701577337785380095e+01 7.280365265998033283e+04 3.855186404810912791e+05 -2.046700580743760156e+02 8.507873147465808142e+04 3.413543777913769009e+04 1.723419663602633591e+04 1.337248927352819737e+04 1.113161167549435413e+04 1.186856842009301181e+05 2.809546423382305147e+04
1.445159846484507682e+02 3.855186404810912791e+05 2.125927473883134313e+06 -1.358498649218782930e+03 4.691633391822274425e+05 1.877987039372360741e+05 1.109885304757756530e+05 9.006859427227657579e+04 2.274479757400038579e+04 6.284786813019647961e+05 1.809352854793532752e+05
-1.919682124802282452e-01 -2.046700580743760156e+02 -1.358498649218782930e+03 1.817517143770203347e+00 -2.998022135618094239e+02 -1.379763831131798781e+02 -1.125973474925865077e+02 -1.015408348737888673e+02 1.312425184698244607e+02 -3.336564168208863066e+02 -1.835580048267748623e+02
3.189271635830122520e+01 8.507873147465808142e+04 4.691633391822274425e+05 -2.998022135618094239e+02 1.035379812043003622e+05 4.144462504751075176e+04 2.449366227617875120e+04 1.987691629340759391e+04 5.019468119178392044e+03 1.386967148911691620e+05 3.992996174809742661e+04
1.944475232504782625e+01 3.413543777913769009e+04 1.877987039372360741e+05 -1.379763831131798781e+02 4.144462504751075176e+04 1.875663147553481758e+04 9.724682825088000754e+03 7.186510739001849288e+03 -1.006661490103876275e+02 5.564813907396511786e+04 1.585333417435865158e+04
6.735871581042533585e+00 1.723419663602633591e+04 1.109885304757756530e+05 -1.125973474925865077e+02 2.449366227617875120e+04 9.724682825088000754e+03 8.686458796775661540e+03 7.662333531755574768e+03 -5.818267745756155819e+03 2.809546423382305147e+04 1.416080468370810740e+04
1.721498303254561435e+01 1.337248927352819737e+04 9.006859427227657579e+04 -1.015408348737888673e+02 1.987691629340759391e+04 7.186510739001849288e+03 7.662333531755574768e+03 8.708728717983161914e+03 -7.789443337824915034e+03 2.180004685081856587e+04 1.249125922348173117e+04
-8.863036962149444253e-01 1.113161167549435413e+04 2.274479757400038579e+04 1.312425184698244607e+02 5.019468119178392044e+03 -1.006661490103876275e+02 -5.818267745756155819e+03 -7.789443337824915034e+03 2.435783106450908963e+04 1.814693218945241097e+04 -9.485033553115399627e+03
4.404154778528543801e+01 1.186856842009301181e+05 6.284786813019647961e+05 -3.336564168208863066e+02 1.386967148911691620e+05 5.564813907396511786e+04 2.809546423382305147e+04 2.180004685081856587e+04 1.814693218945241097e+04 1.934833091415213130e+05 4.580167716457195638e+04
1.098092606725881204e+01 2.809546423382305147e+04 1.809352854793532752e+05 -1.835580048267748623e+02 3.992996174809742661e+04 1.585333417435865158e+04 1.416080468370810740e+04 1.249125922348173117e+04 -9.485033553115399627e+03 4.580167716457195638e+04 2.308517129725681298e+04
