1.132384307080426922e+01 4.936663594778512909e+00 2.353638775877090694e+01 -6.533712249526960059e-02 5.509134599540031374e+00 4.771237508690147955e+00 7.957399886712774872e-01 1.619465361825213989e+01 4.390658363852558033e+00 8.269309627831846754e+00 1.332928651757842697e+00
4.936663594778512909e+00 8.816173473214922706e+04 4.472779375911256648e+05 -2.626987107128605885e+02 1.046938207701793435e+05 4.298809746732618805e+04 2.075954908358619286e+04 1.599843454487987947e+04 1.260804637453581381e+04 1.476780152891149337e+05 3.477391882402489864e+04
2.353638775877090694e+01 4.472779375911256648e+05 2.363246543560461607e+06 -1.670741225459733869e+03 5.531623388351398753e+05 2.265348977245075221e+05 1.281699892003782297e+05 1.038641680922656669e+05 1.986073772210409879e+04 7.492266152287836885e+05 2.146950679027061851e+05
-6.533712249526960059e-02 -2.626987107128605885e+02 -1.670741225459733869e+03 2.487184033654699533e+00 -3.910684335419399531e+02 -1.840590356008963795e+02 -1.439785034447599514e+02 -1.306720790939377821e+02 1.828813463564076187e+02 -4.400415252144262581e+02 -2.411756041055477908e+02
5.509134599540031374e+00 1.046938207701793435e+05 5.531623388351398753e+05 -3.910684335419399531e+02 1.294780580296799599e+05 5.302475706333843846e+04 3.000059862046379567e+04 2.431136366183957216e+04 4.648779518703363465e+03 1.753705925972027762e+05 5.025342202278427430e+04
4.771237508690147955e+00 4.298809746732618805e+04 2.265348977245075221e+05 -1.840590356008963795e+02 5.302475706333843846e+04 2.449925754866783609e+04 1.217320990265641922e+04 8.945915487554355423e+03 -8.639207480018242222e+02 7.200852994008455426e+04 2.039110826918134262e+04
7.957399886712774872e-01 2.075954908358619286e+04 1.281699892003782297e+05 -1.439785034447599514e+02 3.000059862046379567e+04 1.217320990265641922e+04 1.044012884607706110e+04 9.282362488153798040e+03 -7.747764055579368687e+03 3.477391882402489864e+04 1.748805773883065922e+04
1.619465361825213989e+01 1.599843454487987947e+04 1.038641680922656669e+05 -1.306720790939377821e+02 2.431136366183957216e+04 8.945915487554355423e+03 9.282362488153798040e+03 1.073049393846635758e+04 -1.032117940627762800e+04 2.679866802188862493e+04 1.554870572374076801e+04
4.390658363852558033e+00 1.260804637453581381e+04 1.986073772210409879e+04 1.828813463564076187e+02 4.648779518703363465e+03 -8.639207480018242222e+02 -7.747764055579368687e+03 -1.032117940627762800e+04 3.206916817385487957e+04 2.111949442602783529e+04 -1.297812959480104291e+04
8.269309627831846754e+00 1.476780152891149337e+05 7.492266152287836885e+05 -4.400415252144262581e+02 1.753705925972027762e+05 7.200852994008455426e+04 3.477391882402489864e+04 2.679866802188862493e+04 2.111949442602783529e+04 2.473725847839882190e+05 5.824911829785179725e+04
1.332928651757842697e+00 3.477391882402489864e+04 2.146950679027061851e+05 -2.411756041055477908e+02 5.025342202278427430e+04 2.039110826918134262e+04 1.748805773883065922e+04 1.554870572374076801e+04 -1.297812959480104291e+04 5.824911829785179725e+04 2.929390699920271072e+04
