7.278588805065995537e-02 6.824542277128780032e-01 9.260407434505008695e+00 -2.024927405781205662e-03 6.773625360305132181e-01 2.986710529900188371e-01 1.975918787467922377e-01 2.221681730551581802e-01 5.423844471485234076e-02 8.278775190808213003e-01 2.396964773969207652e-01
6.824542277128780032e-01 5.049846843189741321e+02 6.682852462912357623e+03 -7.262208273085362098e-01 4.888244846905092800e+02 1.466392435606540232e+02 1.271987355766178354e+02 1.080759635029747727e+02 1.034397272949746736e+02 6.125912195296599521e+02 1.543033501196093766e+02
9.260407434505008695e+00 6.682852462912357623e+03 9.105162438177873264e+04 -1.154958988350098181e+01 6.660069725564509099e+03 1.992872161022413593e+03 1.976431191178502331e+03 1.655007004353235516e+03 1.067398593518156076e+03 8.106892876787491332e+03 2.397586365125737302e+03
-2.024927405781205662e-03 -7.262208273085362098e-01 -1.154958988350098181e+01 2.979144071084998974e-03 -8.448072667354241672e-01 -2.962647111811802514e-01 -4.004861321049019152e-01 -3.238633975900778728e-01 1.472318123144041035e-01 -8.809702869478870380e-01 -4.858252055737450892e-01
6.773625360305132181e-01 4.888244846905092800e+02 6.660069725564509099e+03 -8.448072667354241672e-01 4.871580166806726879e+02 1.457707936202599512e+02 1.445682010662025903e+02 1.210572806375545269e+02 7.807602671636743707e+01 5.929874638007219119e+02 1.753740526126815098e+02
2.986710529900188371e-01 1.466392435606540232e+02 1.992872161022413593e+03 -2.962647111811802514e-01 1.457707936202599512e+02 5.216984022899386986e+01 4.280273033026261942e+01 3.329179576672452612e+01 1.759341743716496964e+01 1.778864108816946157e+02 5.192350894280288998e+01
1.975918787467922377e-01 1.271987355766178354e+02 1.976431191178502331e+03 -4.004861321049019152e-01 1.445682010662025903e+02 4.280273033026261942e+01 6.492845754618603848e+01 5.244156306385811206e+01 -7.774872090249308698e+00 1.543033501196093766e+02 7.876397884034476249e+01
2.221681730551581802e-01 1.080759635029747727e+02 1.655007004353235516e+03 -3.238633975900778728e-01 1.210572806375545269e+02 3.329179576672452612e+01 5.244156306385811206e+01 4.856213166836691641e+01 -8.430027045820407849e+00 1.311057312033467497e+02 6.361626811445725593e+01
5.423844471485234076e-02 1.034397272949746736e+02 1.067398593518156076e+03 1.472318123144041035e-01 7.807602671636743707e+01 1.759341743716496964e+01 -7.774872090249308698e+00 -8.430027045820407849e+00 7.098120825025483782e+01 1.254815654001470904e+02 -9.431609558369300927e+00
8.278775190808213003e-01 6.125912195296599521e+02 8.106892876787491332e+03 -8.809702869478870380e-01 5.929874638007219119e+02 1.778864108816946157e+02 1.543033501196093766e+02 1.311057312033467497e+02 1.254815654001470904e+02 7.431274925712352797e+02 1.871836520245371958e+02
2.396964773969207652e-01 1.543033501196093766e+02 2.397586365125737302e+03 -4.858252055737450892e-01 1.753740526126815098e+02 5.192350894280288998e+01 7.876397884034476249e+01 6.361626811445725593e+01 -9.431609558369300927e+00 1.871836520245371958e+02 9.554769352636026269e+01
