1.928620176140526832e+00 -4.305262823184286880e+00 -2.766774791836490621e+01 1.413136979493855548e-02 -5.159489173423076558e+00 -2.310949038855328208e+00 -1.405799869337498897e+00 1.759849341934875744e+00 1.507989243411723024e+00 -6.547257418727585154e+00 -2.137879614271395834e+00
-4.305262823184286880e+00 1.380259678357161283e+04 8.493077032886189409e+04 -3.784297668763319678e+01 1.583791320114576956e+04 6.098955596608720043e+03 3.718880795535489597e+03 2.679300455385659916e+03 1.978996336022126343e+03 2.099039196917256777e+04 5.655513003019055759e+03
-2.766774791836490621e+01 8.493077032886189409e+04 5.430176993509707972e+05 -2.844091733428261364e+02 1.012620885893923114e+05 3.877339511033466988e+04 2.714962175809581095e+04 2.080879437126215271e+04 4.933717172464756914e+03 1.291590406791030400e+05 4.128797004310826014e+04
1.413136979493855548e-02 -3.784297668763319678e+01 -2.844091733428261364e+02 2.872856566835630954e-01 -5.303670016852021973e+01 -2.311925371489328995e+01 -2.096830346146170143e+01 -1.837641766929082365e+01 1.990364531163706019e+01 -5.754996153326262487e+01 -3.188768863468521175e+01
-5.159489173423076558e+00 1.583791320114576956e+04 1.012620885893923114e+05 -5.303670016852021973e+01 1.888338188191987865e+04 7.230473288931481875e+03 5.062868865826547335e+03 3.880429646362741096e+03 9.200409231416688272e+02 2.408561311169142937e+04 7.699391907811725105e+03
-2.310949038855328208e+00 6.098955596608720043e+03 3.877339511033466988e+04 -2.311925371489328995e+01 7.230473288931481875e+03 3.109102014639076515e+03 1.903418140668697561e+03 1.359352985714064289e+03 2.089820689074268856e+01 9.275027777944620539e+03 2.894635950057152968e+03
-1.405799869337498897e+00 3.718880795535489597e+03 2.714962175809581095e+04 -2.096830346146170143e+01 5.062868865826547335e+03 1.903418140668697561e+03 1.893490561037495809e+03 1.625087336251870283e+03 -9.803767945820410432e+02 5.655513003019055759e+03 2.879538516506669112e+03
1.759849341934875744e+00 2.679300455385659916e+03 2.080879437126215271e+04 -1.837641766929082365e+01 3.880429646362741096e+03 1.359352985714064289e+03 1.625087336251870283e+03 1.729599896725487042e+03 -1.397866106645075888e+03 4.074564202923474113e+03 2.471362505689204681e+03
1.507989243411723024e+00 1.978996336022126343e+03 4.933717172464756914e+03 1.990364531163706019e+01 9.200409231416688272e+02 2.089820689074268856e+01 -9.803767945820410432e+02 -1.397866106645075888e+03 4.014895254541069335e+03 3.009571999386608695e+03 -1.490914609651666979e+03
-6.547257418727585154e+00 2.099039196917256777e+04 1.291590406791030400e+05 -5.754996153326262487e+01 2.408561311169142937e+04 9.275027777944620539e+03 5.655513003019055759e+03 4.074564202923474113e+03 3.009571999386608695e+03 3.192127988147269934e+04 8.600659468761503376e+03
-2.137879614271395834e+00 5.655513003019055759e+03 4.128797004310826014e+04 -3.188768863468521175e+01 7.699391907811725105e+03 2.894635950057152968e+03 2.879538516506669112e+03 2.471362505689204681e+03 -1.490914609651666979e+03 8.600659468761503376e+03 4.379077582252194588e+03
