4.770985704140672468e+00 -3.242312532531599345e+01 -2.332517037474894721e+02 1.473523416683520382e-01 -3.696750430664251752e+01 -1.856785326170475159e+01 -1.006909501182572164e+01 2.988978740315333463e-02 7.250770930069172948e+00 -4.658561014626375396e+01 -1.446729548864150772e+01
-3.242312532531599345e+01 3.394127815464231389e+04 2.386530130199522246e+05 -8.627018202796156743e+01 3.782354488676806795e+04 1.397666881877815831e+04 9.502179082042302980e+03 6.765520784940090380e+03 4.932045749530783723e+03 4.876689511308408692e+04 1.365274956730874328e+04
-2.332517037474894721e+02 2.386530130199522246e+05 1.740858927631036378e+06 -7.337337256090061146e+02 2.759045651993445354e+05 1.012910163740233402e+05 7.862718660719570471e+04 5.930889767377746466e+04 1.616525576623195411e+04 3.428971178203453892e+05 1.129716961406049377e+05
1.473523416683520382e-01 -8.627018202796156743e+01 -7.337337256090061146e+02 5.876744876057576894e-01 -1.162877021929223105e+02 -4.888710739302545250e+01 -4.806723634806116507e+01 -4.094831235853307305e+01 3.991920109757383273e+01 -1.239531669719645919e+02 -6.906309958869680088e+01
-3.696750430664251752e+01 3.782354488676806795e+04 2.759045651993445354e+05 -1.162877021929223105e+02 4.372745424089481094e+04 1.605337077445123032e+04 1.246143463400951441e+04 9.399725253673252155e+03 2.561992699539240220e+03 5.434494357855406270e+04 1.790461375633777061e+04
-1.856785326170475159e+01 1.397666881877815831e+04 1.012910163740233402e+05 -4.888710739302545250e+01 1.605337077445123032e+04 6.681839103334063111e+03 4.480250659934720716e+03 3.139532171851747989e+03 1.971774843142056284e+02 2.008170520892542845e+04 6.437232947383233295e+03
-1.006909501182572164e+01 9.502179082042302980e+03 7.862718660719570471e+04 -4.806723634806116507e+01 1.246143463400951441e+04 4.480250659934720716e+03 4.882487181845805026e+03 4.102059588736846308e+03 -2.101718375593417022e+03 1.365274956730874328e+04 7.015167172055521405e+03
2.988978740315333463e-02 6.765520784940090380e+03 5.930889767377746466e+04 -4.094831235853307305e+01 9.399725253673252155e+03 3.139532171851747989e+03 4.102059588736846308e+03 4.193451846995923006e+03 -2.987302663076375666e+03 9.720713551249604279e+03 5.893847273520827002e+03
7.250770930069172948e+00 4.932045749530783723e+03 1.616525576623195411e+04 3.991920109757383273e+01 2.561992699539240220e+03 1.971774843142056284e+02 -2.101718375593417022e+03 -2.987302663076375666e+03 8.701008209458133933e+03 7.086373019438068695e+03 -3.019753089816595548e+03
-4.658561014626375396e+01 4.876689511308408692e+04 3.428971178203453892e+05 -1.239531669719645919e+02 5.434494357855406270e+04 2.008170520892542845e+04 1.365274956730874328e+04 9.720713551249604279e+03 7.086373019438068695e+03 7.006837067640793975e+04 1.961629739223844808e+04
-1.446729548864150772e+01 1.365274956730874328e+04 1.129716961406049377e+05 -6.906309958869680088e+01 1.790461375633777061e+04 6.437232947383233295e+03 7.015167172055521405e+03 5.893847273520827002e+03 -3.019753089816595548e+03 1.961629739223844808e+04 1.007940597056126171e+04
