8.464757245641571615e+00 -1.920773652136454146e+01 -1.273676639207730972e+02 6.181652712501386343e-02 -2.281531616411908558e+01 -1.016287474467638141e+01 -6.297444394437670567e+00 7.728766984911693783e+00 6.592956185576192674e+00 -2.877777583375211634e+01 -9.435075439892145255e+00
-1.920773652136454146e+01 6.209772338016562571e+04 3.941860270585739636e+05 -1.697093754740255349e+02 7.061037753203677130e+04 2.728227475610257898e+04 1.677912837736357324e+04 1.196412980638755289e+04 8.659084185962354240e+03 9.303721764576766873e+04 2.513914091816239306e+04
-1.273676639207730972e+02 3.941860270585739636e+05 2.598993222044254187e+06 -1.313819715955310585e+03 4.655565647041058401e+05 1.788586202700914873e+05 1.262090926684608858e+05 9.574529504983212973e+04 2.168422327885619234e+04 5.905847943546815077e+05 1.890913576909159601e+05
6.181652712501386343e-02 -1.697093754740255349e+02 -1.313819715955310585e+03 1.277512342070752149e+00 -2.353439741253252180e+02 -1.027461380579634351e+02 -9.400575908561739880e+01 -8.161027303364747354e+01 8.872742578365377142e+01 -2.542651685608721550e+02 -1.408430743017822522e+02
-2.281531616411908558e+01 7.061037753203677130e+04 4.655565647041058401e+05 -2.353439741253252180e+02 8.339495197629174800e+04 3.203886955702191335e+04 2.260778178210667102e+04 1.715081450459507323e+04 3.884285812042489852e+03 1.057912062617778865e+05 3.387185551510422374e+04
-1.016287474467638141e+01 2.728227475610257898e+04 1.788586202700914873e+05 -1.027461380579634351e+02 3.203886955702191335e+04 1.379516369114727240e+04 8.527090465997789579e+03 6.035938756219329662e+03 4.211015383486348895e+01 4.087536219026486651e+04 1.277561766175123739e+04
-6.297444394437670567e+00 1.677912837736357324e+04 1.262090926684608858e+05 -9.400575908561739880e+01 2.260778178210667102e+04 8.527090465997789579e+03 8.543592841091494847e+03 7.263117689277208228e+03 -4.435306018257104370e+03 2.513914091816239306e+04 1.280034216016587015e+04
7.728766984911693783e+00 1.196412980638755289e+04 9.574529504983212973e+04 -8.161027303364747354e+01 1.715081450459507323e+04 6.035938756219329662e+03 7.263117689277208228e+03 7.641388105235807416e+03 -6.228275766053704501e+03 1.792512330805719103e+04 1.088188462413010348e+04
6.592956185576192674e+00 8.659084185962354240e+03 2.168422327885619234e+04 8.872742578365377142e+01 3.884285812042489852e+03 4.211015383486348895e+01 -4.435306018257104370e+03 -6.228275766053704501e+03 1.776150473983749907e+04 1.297337577241556755e+04 -6.645147501139658743e+03
-2.877777583375211634e+01 9.303721764576766873e+04 5.905847943546815077e+05 -2.542651685608721550e+02 1.057912062617778865e+05 4.087536219026486651e+04 2.513914091816239306e+04 1.792512330805719103e+04 1.297337577241556755e+04 1.393919679514481977e+05 3.766443595221637952e+04
-9.435075439892145255e+00 2.513914091816239306e+04 1.890913576909159601e+05 -1.408430743017822522e+02 3.387185551510422374e+04 1.277561766175123739e+04 1.280034216016587015e+04 1.088188462413010348e+04 -6.645147501139658743e+03 3.766443595221637952e+04 1.917796908921834620e+04
