1.525578515911648336e-01 4.561644164409486835e-01 3.357430268174824484e+00 -6.321660857955531485e-04 6.014150743554496081e-01 1.868007245857124521e-01 2.172583220724013109e-01 2.498525792712393834e-01 1.003135003692071231e-01 6.834432211765556486e-01 3.255048445537774837e-01
4.561644164409486835e-01 5.086747812341549775e+02 3.526394626560138931e+03 -6.798930806038602226e-01 6.316815889350565385e+02 4.426056371380528986e+01 1.979886785728959637e+02 2.288361581363917026e+02 1.539154024846001221e+02 7.621162863389516815e+02 2.966343172842954345e+02
3.357430268174824484e+00 3.526394626560138931e+03 2.557693905832841483e+04 -5.548553887947250907e+00 4.581586355302504671e+03 2.935491461637291764e+02 1.602618608309659976e+03 1.829249905720816514e+03 9.024804251395504480e+02 5.283381201716225405e+03 2.401105356981372552e+03
-6.321660857955531485e-04 -6.798930806038602226e-01 -5.548553887947250907e+00 3.159487618965109521e-03 -9.939101284444780138e-01 -2.609509680635609397e-01 -4.346442904399480667e-01 -4.474079625833491947e-01 1.653900328512664664e-01 -1.018642183204367280e+00 -6.512009337377394624e-01
6.014150743554496081e-01 6.316815889350565385e+02 4.581586355302504671e+03 -9.939101284444780138e-01 8.206976402932382371e+02 5.258333530870678629e+01 2.870763984635032102e+02 3.276727676199349730e+02 1.616609396580857663e+02 9.464098564899505845e+02 4.301089945165850281e+02
1.868007245857124521e-01 4.426056371380528986e+01 2.935491461637291764e+02 -2.609509680635609397e-01 5.258333530870678629e+01 5.656609004269311924e+01 1.452238739914013443e+01 1.314057703312271785e+00 -2.252931233791133536e+01 6.631289321439028583e+01 2.175800405625676603e+01
2.172583220724013109e-01 1.979886785728959637e+02 1.602618608309659976e+03 -4.346442904399480667e-01 2.870763984635032102e+02 1.452238739914013443e+01 1.238937116095521134e+02 1.385019953856237862e+02 2.641330870818411825e+01 2.966343172842954345e+02 1.856223639857556691e+02
2.498525792712393834e-01 2.288361581363917026e+02 1.829249905720816514e+03 -4.474079625833491947e-01 3.276727676199349730e+02 1.314057703312271785e+00 1.385019953856237862e+02 1.725303593196504721e+02 3.039220963187189639e+01 3.428512075944643698e+02 2.075090613254463108e+02
1.003135003692071231e-01 1.539154024846001221e+02 9.024804251395504480e+02 1.653900328512664664e-01 1.616609396580857663e+02 -2.252931233791133536e+01 2.641330870818411825e+01 3.039220963187189639e+01 1.222128519943739775e+02 2.306020256544464360e+02 3.957344355418174331e+01
6.834432211765556486e-01 7.621162863389516815e+02 5.283381201716225405e+03 -1.018642183204367280e+00 9.464098564899505845e+02 6.631289321439028583e+01 2.966343172842954345e+02 3.428512075944643698e+02 2.306020256544464360e+02 1.141832179086758288e+03 4.444290392004559749e+02
3.255048445537774837e-01 2.966343172842954345e+02 2.401105356981372552e+03 -6.512009337377394624e-01 4.301089945165850281e+02 2.175800405625676603e+01 1.856223639857556691e+02 2.075090613254463108e+02 3.957344355418174331e+01 4.444290392004559749e+02 2.781066251388650130e+02
