8.028474233461666998e+00 2.408838080417529071e+01 1.347837760194068721e+02 -1.692318394135380599e-01 2.803684032316227004e+01 1.711895941040270230e+01 6.069411612652304555e+00 1.478018969490438472e+01 -1.145286867391936525e+00 3.827153843721559667e+01 9.643060764991021827e+00
2.408838080417529071e+01 6.406674305054105207e+04 3.541194854245036840e+05 -1.783086668501565555e+02 7.366162131217970455e+04 2.969712731463051023e+04 1.516405941171785707e+04 1.155278762800938603e+04 9.485918036284545451e+03 1.017890259681131429e+05 2.409260661219649410e+04
1.347837760194068721e+02 3.541194854245036840e+05 2.037722734777107136e+06 -1.234408859415258576e+03 4.238737674896214157e+05 1.704914833472449100e+05 1.018615031108071998e+05 8.119582658252370311e+04 1.964022861905705213e+04 5.626238479027107824e+05 1.618372136869446840e+05
-1.692318394135380599e-01 -1.783086668501565555e+02 -1.234408859415258576e+03 1.563303116302224405e+00 -2.567736645094382766e+02 -1.184678191058948897e+02 -9.806495515067483382e+01 -8.701141007482074485e+01 1.132191469520541034e+02 -2.832962104228107023e+02 -1.558052710517737296e+02
2.803684032316227004e+01 7.366162131217970455e+04 4.238737674896214157e+05 -2.567736645094382766e+02 8.817145124775692238e+04 3.546452426423731958e+04 2.118856424814655475e+04 1.688982525963370790e+04 4.085432015375640276e+03 1.170333362924940157e+05 3.366431964209875878e+04
1.711895941040270230e+01 2.969712731463051023e+04 1.704914833472449100e+05 -1.184678191058948897e+02 3.546452426423731958e+04 1.608449905483503426e+04 8.453447754656384859e+03 6.149012373499212117e+03 -1.379370560233641640e+02 4.718269603657898551e+04 1.343080937234470184e+04
6.069411612652304555e+00 1.516405941171785707e+04 1.018615031108071998e+05 -9.806495515067483382e+01 2.118856424814655475e+04 8.453447754656384859e+03 7.639996370247315099e+03 6.626994720067325943e+03 -5.116198334058327418e+03 2.409260661219649410e+04 1.213840054759622217e+04
1.478018969490438472e+01 1.155278762800938603e+04 8.119582658252370311e+04 -8.701141007482074485e+01 1.688982525963370790e+04 6.149012373499212117e+03 6.626994720067325943e+03 7.395769124474140881e+03 -6.707461872449892326e+03 1.835503014323454772e+04 1.052894693147328508e+04
-1.145286867391936525e+00 9.485918036284545451e+03 1.964022861905705213e+04 1.132191469520541034e+02 4.085432015375640276e+03 -1.379370560233641640e+02 -5.116198334058327418e+03 -6.707461872449892326e+03 2.084581539399634858e+04 1.507119468465950376e+04 -8.128598712637108292e+03
3.827153843721559667e+01 1.017890259681131429e+05 5.626238479027107824e+05 -2.832962104228107023e+02 1.170333362924940157e+05 4.718269603657898551e+04 2.409260661219649410e+04 1.835503014323454772e+04 1.507119468465950376e+04 1.617220622462985048e+05 3.827825238679263566e+04
9.643060764991021827e+00 2.409260661219649410e+04 1.618372136869446840e+05 -1.558052710517737296e+02 3.366431964209875878e+04 1.343080937234470184e+04 1.213840054759622217e+04 1.052894693147328508e+04 -8.128598712637108292e+03 3.827825238679263566e+04 1.928544998105996638e+04
