7.553899925610978450e+00 1.486764016667239119e+01 8.396406254586902662e+01 -1.165545797353079727e-01 1.712342978500651824e+01 1.108390498227505105e+01 3.647703848242634272e+00 1.262570106415325100e+01 8.996849420249408702e-02 2.342702266384569398e+01 5.747707085037887076e+00
1.486764016667239119e+01 5.647635769140523917e+04 3.170651687493664213e+05 -1.487803989810685152e+02 6.466151100520020555e+04 2.532832319308547449e+04 1.343931765305914087e+04 1.039212571446057154e+04 9.105376630987986573e+03 8.899010850247983763e+04 2.117640699635683995e+04
8.396406254586902662e+01 3.170651687493664213e+05 1.853106901809153147e+06 -1.045864152263463666e+03 3.779181825546532054e+05 1.477139679123318929e+05 9.163878016165120061e+04 7.381864706525301153e+04 2.302008495843486162e+04 4.996013362536150962e+05 1.443957316472142411e+05
-1.165545797353079727e-01 -1.487803989810685152e+02 -1.045864152263463666e+03 1.228989347306570057e+00 -2.132910299112237738e+02 -9.586624002477078932e+01 -8.206521943088490900e+01 -7.295903901081520360e+01 8.716209024499626423e+01 -2.344340957806213339e+02 -1.293106191680922734e+02
1.712342978500651824e+01 6.466151100520020555e+04 3.779181825546532054e+05 -2.132910299112237738e+02 7.707172887110704323e+04 3.012443277657922954e+04 1.868859331126883262e+04 1.505439805459042691e+04 4.694660983266564472e+03 1.018874997521796031e+05 2.944771962129610984e+04
1.108390498227505105e+01 2.532832319308547449e+04 1.477139679123318929e+05 -9.586624002477078932e+01 3.012443277657922954e+04 1.334237260009187412e+04 7.249764900243009834e+03 5.324812724448993322e+03 3.419500262290757746e+02 3.990997864016943640e+04 1.142349456413824919e+04
3.647703848242634272e+00 1.343931765305914087e+04 9.163878016165120061e+04 -8.206521943088490900e+01 1.868859331126883262e+04 7.249764900243009834e+03 6.785011307009413940e+03 5.901950312621125704e+03 -4.059040713144426718e+03 2.117640699635683995e+04 1.069117976234519665e+04
1.262570106415325100e+01 1.039212571446057154e+04 7.381864706525301153e+04 -7.295903901081520360e+01 1.505439805459042691e+04 5.324812724448993322e+03 5.901950312621125704e+03 6.566150327108446618e+03 -5.438197918559756545e+03 1.637492984151836390e+04 9.299735679950330450e+03
8.996849420249408702e-02 9.105376630987986573e+03 2.302008495843486162e+04 8.716209024499626423e+01 4.694660983266564472e+03 3.419500262290757746e+02 -4.059040713144426718e+03 -5.438197918559756545e+03 1.723909805898079867e+04 1.434739220923373250e+04 -6.395852853196240176e+03
2.342702266384569398e+01 8.899010850247983763e+04 4.996013362536150962e+05 -2.344340957806213339e+02 1.018874997521796031e+05 3.990997864016943640e+04 2.117640699635683995e+04 1.637492984151836390e+04 1.434739220923373250e+04 1.402222050960681227e+05 3.336778137491780944e+04
5.747707085037887076e+00 2.117640699635683995e+04 1.443957316472142411e+05 -1.293106191680922734e+02 2.944771962129610984e+04 1.142349456413824919e+04 1.069117976234519665e+04 9.299735679950330450e+03 -6.395852853196240176e+03 3.336778137491780944e+04 1.684615095522359115e+04
