0.0010638723280335005312580154424040301819331943988800048828125000
0.0011997763326773397234148443857293386827223002910614013671875000
0.0013530413476525345040091252712954883463680744171142578125000000
0.0015258851492528392995023933664811011112760752439498901367187500
0.0017208088228418878286307691638512551435269415378570556640625000
0.0019406329540728858764481179477456862514372915029525756835937500
0.0021885384433432165940391911362894461490213871002197265625000000
0.0024681125340775054814723699081469021621160209178924560546875000
0.0027834007208778913447511094148012489313259720802307128906250000
0.0031389652886630800554534914681426016613841056823730468750000000
0.0035399513298695998997356326754015753977000713348388671875000000
0.0039921611949977169053749292970678652636706829071044921875000000
0.0045021384538167282668430502212686405982822179794311523437500000
0.0050772625821655665429021908607865043450146913528442382812500000
0.0057258557444861612681363816079738171538338065147399902343750000
0.0064573032172548089357988487790862563997507095336914062500000000
0.0072821891958633633984421251739149738568812608718872070312500000
0.0082124499501037614285214871756579668726772069931030273437500000
0.0092615465444472258593755498168320627883076667785644531250000000
0.0104446596224161605132030317122371343430131673812866210937500000
0.0117789090736186100732973969229533395264297723770141601562500000
0.0132836017620725013732574382174789207056164741516113281250000000
0.0149805109004994621568762624974624486640095710754394531250000000
0.0168941911131917262001156387896116939373314380645751953125000000
0.0190523337464765900317598124047435703687369823455810546875000000
0.0214861675681939610915716087902183062396943569183349609375000000
0.0242309106543908553410560102747695054858922958374023437500000000
0.0273262800021262519667430979097844101488590240478515625000000000
0.0308170662425884464563630160682805581018328666687011718750000000
0.0347537817707418983381728594395099207758903503417968750000000000
0.0391933916700729356730192876057117246091365814208984375000000000
0.0442001380090656717514185913842084119096398353576660156250000000
0.0498464694371477529122316241227963473647832870483398437500000000
0.0562140895315504721119204134538449579849839210510253906250000000
0.0633951390648779949943403266843233723193407058715820312500000000
0.0714935293010405537028617573014344088733196258544921875000000000
0.0806264456126180584227824965637410059571266174316406250000000000
0.0909260431773067367977603225881466642022132873535156250000000000
0.1025413592905250470543876417650608345866203308105468750000000000
0.1156404699657359314013405082732788287103176116943359375000000000
0.1304129220289353408013255375408334657549858093261718750000000000
0.1470724759002143833264142358530079945921897888183593750000000000
0.1658601987510095465694348604301922023296356201171875000000000000
0.1870479527956617205042277873872080817818641662597656250000000000
0.2109423291935801914043224769557127729058265686035156250000000000
0.2378890844863862374936047672235872596502304077148437500000000000
0.2682781437661934109684125360217876732349395751953125000000000000
0.3025492429718992792864185048529179766774177551269531250000000000
0.3411982919586761253682993810798507183790206909179687500000000000
0.3847845504155854023942140429426217451691627502441406250000000000
0.4339387204683199938948234830604633316397666931152343750000000000
0.4893720730687000641800921130197821184992790222167968750000000000
0.5518867402316565140552029333775863051414489746093750000000000000
0.6223873220504878567282958101714029908180236816406250000000000000
0.7018939764462892583196662599220871925354003906250000000000000000
0.7915571810629207227805181901203468441963195800781250000000000000
0.8926743809151689301728538339375518262386322021484375000000000000
1.0067087626850002024525565502699464559555053710937500000000000000
1.1353104273338319174513344478327780961990356445312500000000000000
1.2803402674028723229326942600891925394535064697265625000000000000
1.4438968945109844632668227859539911150932312011718750000000000000
1.6283470066965011202597679584869183599948883056640625000000000000
1.8363596350246764732361270944238640367984771728515625000000000000
2.0709447650162275955665336368838325142860412597656250000000000000
2.3354968917569820519020140636712312698364257812500000000000000000
2.6338441389400273351384385023266077041625976562500000000000000000
2.9703036526030084374383477552328258752822875976562500000000000000
3.3497440711193364748510248318780213594436645507812500000000000000
3.7776559753969523036687405692646279931068420410156250000000000000
4.2602313387134875810602352430578321218490600585937500000000000000
4.8044531258433025300291774328798055648803710937500000000000000000
5.4181963379941837644082625047303736209869384765625000000000000000
6.1103419656947384197565042995847761631011962890625000000000000000
6.8909054985541793314496317179873585700988769531250000000000000000
7.7711818514571895377684995764866471290588378906250000000000000000
8.7639088043057089549847660236991941928863525390625000000000000000
9.8834513203143039561382465763017535209655761718750000000000000000
11.1460094099827990987705561565235257148742675781250000000000000000
12.5698525485806094081908668158575892448425292968750000000000000000
14.1755840392119552006988669745624065399169921875000000000000000000
15.9864391468499604798125801607966423034667968750000000000000000000
18.0286213174003684400759084383025765419006347656250000000000000000
20.3316813469538821834703412605449557304382324218750000000000000000
22.9289449878843711871923005674034357070922851562500000000000000000
25.8579951793408469029600382782518863677978515625000000000000000000
29.1612158801079175418635713867843151092529296875000000000000000000
32.8864053732078716052456002216786146163940429687500000000000000000
37.0874679168882863677936256863176822662353515625000000000000000000
41.8251937503271165041951462626457214355468750000000000000000000000
47.1681387408983425757469376549124717712402343750000000000000000000
