4.833887373459177184e+00 -1.494670058442770078e+01 -1.167227908194220873e+02 1.179465468574298764e-01 -1.967416945889639379e+01 -1.012393854975010044e+01 -7.424207987263713449e+00 -6.006853740033349931e-01 1.199840555752561500e+01 -2.191802490375187062e+01 -1.088694957367477301e+01
-1.494670058442770078e+01 2.738157534426437633e+04 1.859117248137343850e+05 -7.228246574394627544e+01 3.133628619315454125e+04 1.009388310044214631e+04 8.136742581013181734e+03 7.140961142517163353e+03 3.321134118980297899e+03 4.015267763674974412e+04 1.193181903381880147e+04
-1.167227908194220873e+02 1.859117248137343850e+05 1.317747784748865524e+06 -6.103943514297898219e+02 2.221125200933818123e+05 7.268258673319767695e+04 6.610192334032135841e+04 5.881875447556563449e+04 5.085946974241685894e+03 2.726232315520030679e+05 9.693267044290190097e+04
1.179465468574298764e-01 -7.228246574394627544e+01 -6.103943514297898219e+02 5.605832019240027941e-01 -1.028848078638006172e+02 -4.234999331932914401e+01 -4.489101849588641358e+01 -4.205614512521493964e+01 4.459708394151075339e+01 -1.059958935640287763e+02 -6.582873964657646582e+01
-1.967416945889639379e+01 3.133628619315454125e+04 2.221125200933818123e+05 -1.028848078638006172e+02 3.743809866592560866e+04 1.225098815802068020e+04 1.114178672585391359e+04 9.914174727913923562e+03 8.572600254649024691e+02 4.595191408920263348e+04 1.633845259361020726e+04
-1.012393854975010044e+01 1.009388310044214631e+04 7.268258673319767695e+04 -4.234999331932914401e+01 1.225098815802068020e+04 4.885097143739175408e+03 3.811431993268343831e+03 3.121051641051402839e+03 -9.503389507559243157e+02 1.480179387560281612e+04 5.589130582735278040e+03
-7.424207987263713449e+00 8.136742581013181734e+03 6.610192334032135841e+04 -4.489101849588641358e+01 1.114178672585391359e+04 3.811431993268343831e+03 4.542632043945704027e+03 4.144532855276369446e+03 -2.430933766632924744e+03 1.193181903381880147e+04 6.661371297657224204e+03
-6.006853740033349931e-01 7.140961142517163353e+03 5.881875447556563449e+04 -4.205614512521493964e+01 9.914174727913923562e+03 3.121051641051402839e+03 4.144532855276369446e+03 4.525134298064705945e+03 -3.034927729496791017e+03 1.047159292944439403e+04 6.077593768821954654e+03
1.199840555752561500e+01 3.321134118980297899e+03 5.085946974241685894e+03 4.459708394151075339e+01 8.572600254649024691e+02 -9.503389507559243157e+02 -2.430933766632924744e+03 -3.034927729496791017e+03 8.594597769274860184e+03 4.870151771445104714e+03 -3.564751065659475444e+03
-2.191802490375187062e+01 4.015267763674974412e+04 2.726232315520030679e+05 -1.059958935640287763e+02 4.595191408920263348e+04 1.480179387560281612e+04 1.193181903381880147e+04 1.047159292944439403e+04 4.870151771445104714e+03 5.888037854397806223e+04 1.749696565158793965e+04
-1.088694957367477301e+01 1.193181903381880147e+04 9.693267044290190097e+04 -6.582873964657646582e+01 1.633845259361020726e+04 5.589130582735278040e+03 6.661371297657224204e+03 6.077593768821954654e+03 -3.564751065659475444e+03 1.749696565158793965e+04 9.768316503730862678e+03
