4.504908253513522531e+00 4.493358572319176680e+00 2.295239007501092132e+01 2.029969512830081309e-03 4.728178578317885794e+00 1.280020480473279820e-01 6.036107763231967072e-01 3.019893746129210133e+00 6.042447341471152811e+00 7.109865481669190856e+00 9.550965839632046261e-01
4.493358572319176680e+00 1.452516836129318108e+04 9.204822790118501871e+04 -4.515003538516685211e+01 1.896187969584682287e+04 4.032695464163396537e+03 5.933257402322424241e+03 6.729063382434442246e+03 6.560502489708392204e+02 2.298325216767409438e+04 9.388225159350547983e+03
2.295239007501092132e+01 9.204822790118501871e+04 6.125602424766068580e+05 -3.566776391215841500e+02 1.261870422619037417e+05 2.909650840530776259e+04 4.412115580242250871e+04 4.976029926123595214e+04 -7.390441033063324539e+03 1.456484070145483129e+05 6.981314257523913693e+04
2.029969512830081309e-03 -4.515003538516685211e+01 -3.566776391215841500e+02 4.348673232129962596e-01 -7.347537956388052294e+01 -2.764707698034777295e+01 -3.418021079233776049e+01 -4.032160732575010087e+01 4.379961104984513298e+01 -7.144114428318485466e+01 -5.408353171850011165e+01
4.728178578317885794e+00 1.896187969584682287e+04 1.261870422619037417e+05 -7.347537956388052294e+01 2.599445496238775377e+04 5.993863266362122886e+03 9.088931611647889440e+03 1.025059177927687779e+04 -1.522426416710979083e+03 3.000348441978037954e+04 1.438146546527534338e+04
1.280020480473279820e-01 4.032695464163396537e+03 2.909650840530776259e+04 -2.764707698034777295e+01 5.993863266362122886e+03 2.258490740384808760e+03 2.437032353223783502e+03 2.607347135072511264e+03 -2.155716449463265690e+03 6.380955763327974637e+03 3.856129424577337431e+03
6.036107763231967072e-01 5.933257402322424241e+03 4.412115580242250871e+04 -3.418021079233776049e+01 9.088931611647889440e+03 2.437032353223783502e+03 3.878175173233475562e+03 4.336184358177698414e+03 -2.307782006922543133e+03 9.388225159350547983e+03 6.136457474349205768e+03
3.019893746129210133e+00 6.729063382434442246e+03 4.976029926123595214e+04 -4.032160732575010087e+01 1.025059177927687779e+04 2.607347135072511264e+03 4.336184358177698414e+03 5.381848041720235415e+03 -3.168862047562653061e+03 1.064743324992232192e+04 6.861167875691963673e+03
6.042447341471152811e+00 6.560502489708392204e+02 -7.390441033063324539e+03 4.379961104984513298e+01 -1.522426416710979083e+03 -2.155716449463265690e+03 -2.307782006922543133e+03 -3.168862047562653061e+03 7.540282576245966084e+03 1.038071844106304980e+03 -3.651615905152895721e+03
7.109865481669190856e+00 2.298325216767409438e+04 1.456484070145483129e+05 -7.144114428318485466e+01 3.000348441978037954e+04 6.380955763327974637e+03 9.388225159350547983e+03 1.064743324992232192e+04 1.038071844106304980e+03 3.636652375132038287e+04 1.485503925856358546e+04
9.550965839632046261e-01 9.388225159350547983e+03 6.981314257523913693e+04 -5.408353171850011165e+01 1.438146546527534338e+04 3.856129424577337431e+03 6.136457474349205768e+03 6.861167875691963673e+03 -3.651615905152895721e+03 1.485503925856358546e+04 9.709749728272325228e+03
