1.019908424396625435e+00 -1.772964905649897505e+00 -4.328127649316236614e+00 -4.623381937297583490e-03 -1.748777250737718614e+00 2.331981228831639275e+00 3.771571634610596524e-01 2.305419039286342453e-01 -3.349208944071326854e+00 -4.161236224275512541e+00 8.852064955362818344e-01
-1.772964905649897505e+00 1.465695660832131125e+03 7.033520892004838061e+03 -3.532561247475185962e+00 2.841889686518312828e+03 -2.352042240705330869e+02 9.475297791300042718e+02 1.752399582815092572e+03 1.895065800216605680e+02 3.440060126504542495e+03 2.223899202928804698e+03
-4.328127649316236614e+00 7.033520892004838061e+03 3.489131767019783001e+04 -1.968722888066479371e+01 1.409781492917490141e+04 -7.490924283443129070e+02 4.962117586277555347e+03 8.991376047355333867e+03 1.689020876774573026e+02 1.650802101425726141e+04 1.164633512109130970e+04
-4.623381937297583490e-03 -3.532561247475185962e+00 -1.968722888066479371e+01 3.128508261241655375e-02 -7.954612429698640241e+00 -1.706314121077859403e+00 -3.280559629343618777e+00 -6.001895072749983129e+00 4.117514595029668989e+00 -8.291095768800499144e+00 -7.699635521277587102e+00
-1.748777250737718614e+00 2.841889686518312828e+03 1.409781492917490141e+04 -7.954612429698640241e+00 5.696213242958900992e+03 -3.026703238744282771e+02 2.004940485463426512e+03 3.632959828929067953e+03 6.824478214710445911e+01 6.670055493625314739e+03 4.705694370509113469e+03
2.331981228831639275e+00 -2.352042240705330869e+02 -7.490924283443129070e+02 -1.706314121077859403e+00 -3.026703238744282771e+02 3.807569088449080823e+02 -1.371243334165245642e+01 -6.609266174561078344e+01 -5.728482655039877045e+02 -5.520359338111941270e+02 -3.218375849539524580e+01
3.771571634610596524e-01 9.475297791300042718e+02 4.962117586277555347e+03 -3.280559629343618777e+00 2.004940485463426512e+03 -1.371243334165245642e+01 7.638481775133315068e+02 1.344991751559924523e+03 -1.473558398450252298e+02 2.223899202928804698e+03 1.792789409415962837e+03
2.305419039286342453e-01 1.752399582815092572e+03 8.991376047355333867e+03 -6.001895072749983129e+00 3.632959828929067953e+03 -6.609266174561078344e+01 1.344991751559924523e+03 2.457336109561198100e+03 -2.622998822538638137e+02 4.112968395582794983e+03 3.156762088244131974e+03
-3.349208944071326854e+00 1.895065800216605680e+02 1.689020876774573026e+02 4.117514595029668989e+00 6.824478214710445911e+01 -5.728482655039877045e+02 -1.473558398450252298e+02 -2.622998822538638137e+02 1.080369973049500459e+03 4.447813056038117452e+02 -3.458514360141223278e+02
-4.161236224275512541e+00 3.440060126504542495e+03 1.650802101425726141e+04 -8.291095768800499144e+00 6.670055493625314739e+03 -5.520359338111941270e+02 2.223899202928804698e+03 4.112968395582794983e+03 4.447813056038117452e+02 8.073991068000998894e+03 5.219601297732724561e+03
8.852064955362818344e-01 2.223899202928804698e+03 1.164633512109130970e+04 -7.699635521277587102e+00 4.705694370509113469e+03 -3.218375849539524580e+01 1.792789409415962837e+03 3.156762088244131974e+03 -3.458514360141223278e+02 5.219601297732724561e+03 4.207765314014826799e+03
