2.890036203165565531e+00 1.916123592950398136e+00 8.900037692261356881e+00 1.216157832674672791e-02 1.578245962773309419e+00 -6.011313456404806521e-01 -1.612451997937505155e-01 1.832935863687038758e+00 4.667014242382316880e+00 2.860291831479665703e+00 -2.406986321405338025e-01
1.916123592950398136e+00 1.112003014908179466e+04 7.659322993490057706e+04 -2.990580301783590045e+01 1.358229707562168369e+04 3.208899435438578621e+03 4.108723144138674797e+03 4.224128430435781411e+03 1.117561025596584614e+03 1.659941536038983395e+04 6.133292909825098832e+03
8.900037692261356881e+00 7.659322993490057706e+04 5.523687337327715941e+05 -2.550292800298560110e+02 9.795168898374015407e+04 2.428031739534132066e+04 3.331698152467072941e+04 3.422215734054447239e+04 -1.884029524423304451e+02 1.143344775542934512e+05 4.973389527438551886e+04
1.216157832674672791e-02 -2.990580301783590045e+01 -2.550292800298560110e+02 2.437901266435752168e-01 -4.522440752650724249e+01 -1.696599793753894758e+01 -2.096829110096555127e+01 -2.226879447302245296e+01 2.208481247950872373e+01 -4.464186151689959559e+01 -3.130039835469629139e+01
1.578245962773309419e+00 1.358229707562168369e+04 9.795168898374015407e+04 -4.522440752650724249e+01 1.736979808746573326e+04 4.305634900554594424e+03 5.908108864395606361e+03 6.068623923589675542e+03 -3.340954379611493863e+01 2.027496217940281713e+04 8.819324383090968695e+03
-6.011313456404806521e-01 3.208899435438578621e+03 2.428031739534132066e+04 -1.696599793753894758e+01 4.305634900554594424e+03 1.612131489707444871e+03 1.626108292564801104e+03 1.544709500190124800e+03 -9.301402871972377397e+02 4.790081849100352883e+03 2.427371743365845759e+03
-1.612451997937505155e-01 4.108723144138674797e+03 3.331698152467072941e+04 -2.096829110096555127e+01 5.908108864395606361e+03 1.626108292564801104e+03 2.532710250897481274e+03 2.597654545369347488e+03 -1.181962603508432721e+03 6.133292909825098832e+03 3.780701030350704059e+03
1.832935863687038758e+00 4.224128430435781411e+03 3.422215734054447239e+04 -2.226879447302245296e+01 6.068623923589675542e+03 1.544709500190124800e+03 2.597654545369347488e+03 3.014639688001457216e+03 -1.550148270884396197e+03 6.305564050851506181e+03 3.877646569595936853e+03
4.667014242382316880e+00 1.117561025596584614e+03 -1.884029524423304451e+02 2.208481247950872373e+01 -3.340954379611493863e+01 -9.301402871972377397e+02 -1.181962603508432721e+03 -1.550148270884396197e+03 4.214068256598579865e+03 1.668238251673512195e+03 -1.764373651244487974e+03
2.860291831479665703e+00 1.659941536038983395e+04 1.143344775542934512e+05 -4.464186151689959559e+01 2.027496217940281713e+04 4.790081849100352883e+03 6.133292909825098832e+03 6.305564050851506181e+03 1.668238251673512195e+03 2.477876288217598631e+04 9.155467671598658853e+03
-2.406986321405338025e-01 6.133292909825098832e+03 4.973389527438551886e+04 -3.130039835469629139e+01 8.819324383090968695e+03 2.427371743365845759e+03 3.780701030350704059e+03 3.877646569595936853e+03 -1.764373651244487974e+03 9.155467671598658853e+03 5.643638183969055717e+03
