2.208029358301723644e+00 -1.132221467375367574e+01 -9.415106313723751441e+01 5.859808193960644451e-02 -1.287833717225838903e+01 -6.564598370075279021e+00 -3.959970338694829284e+00 1.139438789611404296e-01 4.033451023050312223e+00 -1.557047195071367618e+01 -5.445807985538229978e+00
-1.132221467375367574e+01 1.399740555711354864e+04 1.091896559587918164e+05 -2.816088518281876318e+01 1.493537256303224422e+04 4.838292740576699543e+03 3.662479449918605951e+03 3.061076650875042560e+03 2.509176878143655813e+03 1.924943280885027343e+04 5.036694250040811312e+03
-9.415106313723751441e+01 1.091896559587918164e+05 8.851374618955590995e+05 -2.718439203578118963e+02 1.210724371903516585e+05 3.933162660315211542e+04 3.428135137168675283e+04 2.889037092968049910e+04 1.193029378084537530e+04 1.501591803726853104e+05 4.714420591253846942e+04
5.859808193960644451e-02 -2.816088518281876318e+01 -2.718439203578118963e+02 1.707419587526559368e-01 -3.718383572040435325e+01 -1.458826734893172095e+01 -1.629445160755002675e+01 -1.410471672787791420e+01 1.158842852373012988e+01 -3.872725305790177686e+01 -2.240836347112866633e+01
-1.287833717225838903e+01 1.493537256303224422e+04 1.210724371903516585e+05 -3.718383572040435325e+01 1.656074415359144405e+04 5.379928086318397618e+03 4.689132410982124384e+03 3.951733793188415348e+03 1.631870536075309474e+03 2.053933848341826888e+04 6.448562121651917550e+03
-6.564598370075279021e+00 4.838292740576699543e+03 3.933162660315211542e+04 -1.458826734893172095e+01 5.379928086318397618e+03 2.106240150569307843e+03 1.537924019590788475e+03 1.170009548094701131e+03 1.882798190360528849e+02 6.653689545484941846e+03 2.114975161606633719e+03
-3.959970338694829284e+00 3.662479449918605951e+03 3.428135137168675283e+04 -1.629445160755002675e+01 4.689132410982124384e+03 1.537924019590788475e+03 1.935516940803089938e+03 1.658454807132632141e+03 -6.511767081681176705e+02 5.036694250040811312e+03 2.661750647315211154e+03
1.139438789611404296e-01 3.061076650875042560e+03 2.889037092968049910e+04 -1.410471672787791420e+01 3.951733793188415348e+03 1.170009548094701131e+03 1.658454807132632141e+03 1.716320448001350542e+03 -8.212381150198860951e+02 4.209636498230496727e+03 2.280730828734918759e+03
4.033451023050312223e+00 2.509176878143655813e+03 1.193029378084537530e+04 1.158842852373012988e+01 1.631870536075309474e+03 1.882798190360528849e+02 -6.511767081681176705e+02 -8.212381150198860951e+02 3.072266600414940967e+03 3.450656017950453588e+03 -8.955075452679335513e+02
-1.557047195071367618e+01 1.924943280885027343e+04 1.501591803726853104e+05 -3.872725305790177686e+01 2.053933848341826888e+04 6.653689545484941846e+03 5.036694250040811312e+03 4.209636498230496727e+03 3.450656017950453588e+03 2.647209598596868818e+04 6.926534145866115068e+03
-5.445807985538229978e+00 5.036694250040811312e+03 4.714420591253846942e+04 -2.240836347112866633e+01 6.448562121651917550e+03 2.114975161606633719e+03 2.661750647315211154e+03 2.280730828734918759e+03 -8.955075452679335513e+02 6.926534145866115068e+03 3.660477652829662020e+03
