3.087083298778010576e+00 3.818985748180605988e+00 2.163330406926613492e+01 8.287711665589640600e-04 4.157049192731864906e+00 2.079389952532348096e-01 7.430688628071298041e-01 2.438858032806050513e+00 4.187740787538926313e+00 5.875176491778326238e+00 1.143146636935408411e+00
3.818985748180605988e+00 1.025887203385210887e+04 6.799312037790841714e+04 -2.868299933481091912e+01 1.306553752830841768e+04 2.682810799671230143e+03 4.101372998809334604e+03 4.518602989282708222e+03 8.626518997202489345e+02 1.578237987250000879e+04 6.309604647804360866e+03
2.163330406926613492e+01 6.799312037790841714e+04 4.724929591514617787e+05 -2.358085541014824571e+02 9.079410468798998045e+04 2.003848024688817895e+04 3.183925039543646926e+04 3.490378572263738897e+04 -1.870031202954276068e+03 1.046014855219746387e+05 4.898190979849282303e+04
8.287711665589640600e-04 -2.868299933481091912e+01 -2.358085541014824571e+02 2.508945917242715873e-01 -4.531290071679221398e+01 -1.656183037953856996e+01 -2.120623013155795888e+01 -2.412095507145599882e+01 2.432215273570876946e+01 -4.412629282155805299e+01 -3.262393550631244210e+01
4.157049192731864906e+00 1.306553752830841768e+04 9.079410468798998045e+04 -4.531290071679221398e+01 1.744696780434168613e+04 3.850588327478056272e+03 6.118220764139914536e+03 6.707100949397302429e+03 -3.593446325967609027e+02 2.010018994580832441e+04 9.412349030658100673e+03
2.079389952532348096e-01 2.682810799671230143e+03 2.003848024688817895e+04 -1.656183037953856996e+01 3.850588327478056272e+03 1.444017544749870012e+03 1.553598979599198628e+03 1.591352223566735347e+03 -1.182562147845878826e+03 4.127270427659109373e+03 2.390076529335175564e+03
7.430688628071298041e-01 4.101372998809334604e+03 3.183925039543646926e+04 -2.120623013155795888e+01 6.118220764139914536e+03 1.553598979599198628e+03 2.631896752998858119e+03 2.862464911511508035e+03 -1.271902364020113964e+03 6.309604647804360866e+03 4.048943607441639870e+03
2.438858032806050513e+00 4.518602989282708222e+03 3.490378572263738897e+04 -2.412095507145599882e+01 6.707100949397302429e+03 1.591352223566735347e+03 2.862464911511508035e+03 3.465572417880870034e+03 -1.731757138982523202e+03 6.951476598455624298e+03 4.403652609770724666e+03
4.187740787538926313e+00 8.626518997202489345e+02 -1.870031202954276068e+03 2.432215273570876946e+01 -3.593446325967609027e+02 -1.182562147845878826e+03 -1.271902364020113964e+03 -1.731757138982523202e+03 4.517002619884928208e+03 1.327114709511253068e+03 -1.956710855097659532e+03
5.875176491778326238e+00 1.578237987250000879e+04 1.046014855219746387e+05 -4.412629282155805299e+01 2.010018994580832441e+04 4.127270427659109373e+03 6.309604647804360866e+03 6.951476598455624298e+03 1.327114709511253068e+03 2.427981493657104511e+04 9.706776443681643286e+03
1.143146636935408411e+00 6.309604647804360866e+03 4.898190979849282303e+04 -3.262393550631244210e+01 9.412349030658100673e+03 2.390076529335175564e+03 4.048943607441639870e+03 4.403652609770724666e+03 -1.956710855097659532e+03 9.706776443681643286e+03 6.228946601937477681e+03
