3.404496531709539475e+00 -6.518376266970549615e+00 -5.533382721579214092e+01 6.335270001351676894e-02 -8.952407902293076702e+00 -5.071963546950669866e+00 -3.775950672506813266e+00 2.765799117701925880e-01 7.814763885664337550e+00 -9.428302600305661585e+00 -5.461606401062753413e+00
-6.518376266970549615e+00 1.782661303782678078e+04 1.261890935940176860e+05 -4.559109898429201735e+01 2.041601485956627221e+04 6.136492451376003373e+03 5.534484593312839934e+03 5.020214011279676015e+03 2.191476720642826876e+03 2.578474994007957139e+04 8.005183092435128856e+03
-5.533382721579214092e+01 1.261890935940176860e+05 9.327545406551072374e+05 -4.003679228825776022e+02 1.509094805261789297e+05 4.624257801695625676e+04 4.670663466942177183e+04 4.272327024068188621e+04 3.877901823594665075e+03 1.825222893761597807e+05 6.755735892949570552e+04
6.335270001351676894e-02 -4.559109898429201735e+01 -4.003679228825776022e+02 3.445960756417064119e-01 -6.477514997581290856e+01 -2.591367318060919445e+01 -2.895466620572386773e+01 -2.754417532995756446e+01 2.789244016353005051e+01 -6.594382703595699979e+01 -4.188057631188016927e+01
-8.952407902293076702e+00 2.041601485956627221e+04 1.509094805261789297e+05 -6.477514997581290856e+01 2.441550302900310999e+04 7.481543238405418379e+03 7.556622528085536942e+03 6.912157740741371526e+03 6.274020915718913329e+02 2.953010966299857682e+04 1.093004161052966992e+04
-5.071963546950669866e+00 6.136492451376003373e+03 4.624257801695625676e+04 -2.591367318060919445e+01 7.481543238405418379e+03 2.919768675474391330e+03 2.439696550130413470e+03 2.043745286259541217e+03 -6.897164391903247633e+02 8.875938633556916102e+03 3.528823189312714021e+03
-3.775950672506813266e+00 5.534484593312839934e+03 4.670663466942177183e+04 -2.895466620572386773e+01 7.556622528085536942e+03 2.439696550130413470e+03 3.153576022791354262e+03 2.928531024001274091e+03 -1.537491851054391191e+03 8.005183092435128856e+03 4.561391947655055446e+03
2.765799117701925880e-01 5.020214011279676015e+03 4.272327024068188621e+04 -2.754417532995756446e+01 6.912157740741371526e+03 2.043745286259541217e+03 2.928531024001274091e+03 3.204174047623684601e+03 -1.916307839015923719e+03 7.261332405199877940e+03 4.235882609074881657e+03
7.814763885664337550e+00 2.191476720642826876e+03 3.877901823594665075e+03 2.789244016353005051e+01 6.274020915718913329e+02 -6.897164391903247633e+02 -1.537491851054391191e+03 -1.916307839015923719e+03 5.514715413146291212e+03 3.169793337712430912e+03 -2.223857264990617296e+03
-9.428302600305661585e+00 2.578474994007957139e+04 1.825222893761597807e+05 -6.594382703595699979e+01 2.953010966299857682e+04 8.875938633556916102e+03 8.005183092435128856e+03 7.261332405199877940e+03 3.169793337712430912e+03 3.729554952820610197e+04 1.157884808656597306e+04
-5.461606401062753413e+00 8.005183092435128856e+03 6.755735892949570552e+04 -4.188057631188016927e+01 1.093004161052966992e+04 3.528823189312714021e+03 4.561391947655055446e+03 4.235882609074881657e+03 -2.223857264990617296e+03 1.157884808656597306e+04 6.597683502716359726e+03
