3.996285880257165246e+00 4.313176219197393024e+00 2.749906037796751690e+01 -4.699400285114313514e-03 9.156551835517177551e+00 4.054698045408589024e+00 4.157627278864815423e+00 1.801199758205332069e+00 4.029473646850104451e+00 8.807447511764333825e+00 8.489818679120768152e+00
4.313176219197393024e+00 6.758016156776711796e+03 3.467128059800658957e+04 -2.287559364505993287e+01 1.154473547953542948e+04 5.681496239470723140e+02 3.880819918632389090e+03 6.277136472967244117e+03 -1.602719647060262105e+02 1.379977760230304193e+04 7.924581792840513117e+03
2.749906037796751690e+01 3.467128059800658957e+04 1.857216748944627761e+05 -1.413684582054034422e+02 6.184102728516243224e+04 4.963310864176669384e+03 2.236500575999138891e+04 3.549536359616676782e+04 -5.780032872771181246e+03 7.079828611533514049e+04 4.566903931601610384e+04
-4.699400285114313514e-03 -2.287559364505993287e+01 -1.413684582054034422e+02 2.689088511114360314e-01 -4.707243075483567196e+01 -1.468615796477540947e+01 -2.064953924621212167e+01 -3.386392846472331541e+01 3.348471902621243856e+01 -4.671165287255674770e+01 -4.216607989343265928e+01
9.156551835517177551e+00 1.154473547953542948e+04 6.184102728516243224e+04 -4.707243075483567196e+01 2.059163346366217229e+04 1.652667857700026161e+03 7.447030252243748691e+03 1.181913608034533354e+04 -1.924617419034677823e+03 2.357419372773335999e+04 1.520673506758855910e+04
4.054698045408589024e+00 5.681496239470723140e+02 4.963310864176669384e+03 -1.468615796477540947e+01 1.652667857700026161e+03 1.253797628037302729e+03 9.673283157408259285e+02 1.460581144811286322e+03 -2.428295133570524740e+03 1.160153848913142383e+03 1.975271339392689242e+03
4.157627278864815423e+00 3.880819918632389090e+03 2.236500575999138891e+04 -2.064953924621212167e+01 7.447030252243748691e+03 9.673283157408259285e+02 2.996823211415573951e+03 4.634639635890764112e+03 -1.643558344649472019e+03 7.924581792840513117e+03 6.119472471145929376e+03
1.801199758205332069e+00 6.277136472967244117e+03 3.549536359616676782e+04 -3.386392846472331541e+01 1.181913608034533354e+04 1.460581144811286322e+03 4.634639635890764112e+03 7.520041413169212319e+03 -2.816899381898356751e+03 1.281782779098421634e+04 9.463871461446175090e+03
4.029473646850104451e+00 -1.602719647060262105e+02 -5.780032872771181246e+03 3.348471902621243856e+01 -1.924617419034677823e+03 -2.428295133570524740e+03 -1.643558344649472019e+03 -2.816899381898356751e+03 6.125049504849828736e+03 -3.272731845438821665e+02 -3.356123913647137215e+03
8.807447511764333825e+00 1.379977760230304193e+04 7.079828611533514049e+04 -4.671165287255674770e+01 2.357419372773335999e+04 1.160153848913142383e+03 7.924581792840513117e+03 1.281782779098421634e+04 -3.272731845438821665e+02 2.817895924709560859e+04 1.618188885547409882e+04
8.489818679120768152e+00 7.924581792840513117e+03 4.566903931601610384e+04 -4.216607989343265928e+01 1.520673506758855910e+04 1.975271339392689242e+03 6.119472471145929376e+03 9.463871461446175090e+03 -3.356123913647137215e+03 1.618188885547409882e+04 1.249588003138297790e+04
