4.626185051752043087e-01 1.794229982713176019e+00 1.857560058687808890e+01 -5.267920969174914522e-03 1.851361073179210726e+00 7.824034772307054686e-01 5.171510011168671817e-01 9.252689232110499207e-01 3.528464459071423143e-01 2.291693889836410314e+00 6.605350489072531195e-01
1.794229982713176019e+00 3.440865472849378875e+03 3.455884700795386016e+04 -5.660117183989416212e+00 3.444351841290023003e+03 1.104094172533197934e+03 8.438170177414297086e+02 7.081480591389182564e+02 6.854664142171757248e+02 4.394871591630602779e+03 1.077771702808039436e+03
1.857560058687808890e+01 3.455884700795386016e+04 3.587603217562524951e+05 -6.950777888812169181e+01 3.575630791555484029e+04 1.144474519649611102e+04 1.009625770955546614e+04 8.415559155487884709e+03 5.007906741148242872e+03 4.414055014739984472e+04 1.289552193761372109e+04
-5.267920969174914522e-03 -5.660117183989416212e+00 -6.950777888812169181e+01 2.786867129599938236e-02 -6.927581992020182433e+00 -2.599417769659870370e+00 -3.147780080464999131e+00 -2.598391231681003166e+00 1.603157757657256655e+00 -7.229427716223939093e+00 -4.020526045408080229e+00
1.851361073179210726e+00 3.444351841290023003e+03 3.575630791555484029e+04 -6.927581992020182433e+00 3.563698319516538504e+03 1.140655218664381891e+03 1.006256482574269285e+03 8.387475041056353575e+02 4.991194527095402691e+02 4.399324582233881301e+03 1.285248744554267205e+03
7.824034772307054686e-01 1.104094172533197934e+03 1.144474519649611102e+04 -2.599417769659870370e+00 1.140655218664381891e+03 4.323842310145766987e+02 3.201926099843926750e+02 2.448215993888673268e+02 1.096989213526671563e+02 1.410212678071606661e+03 4.089684460419076686e+02
5.171510011168671817e-01 8.438170177414297086e+02 1.009625770955546614e+04 -3.147780080464999131e+00 1.006256482574269285e+03 3.201926099843926750e+02 4.322935161307054273e+02 3.548075120283402839e+02 -9.276603935820503466e+01 1.077771702808039436e+03 5.521501809007538668e+02
9.252689232110499207e-01 7.081480591389182564e+02 8.415559155487884709e+03 -2.598391231681003166e+00 8.387475041056353575e+02 2.448215993888673268e+02 3.548075120283402839e+02 3.436554802133408657e+02 -1.090507256963321367e+02 9.044874937237090080e+02 4.531805929103071549e+02
3.528464459071423143e-01 6.854664142171757248e+02 5.007906741148242872e+03 1.603157757657256655e+00 4.991194527095402691e+02 1.096989213526671563e+02 -9.276603935820503466e+01 -1.090507256963321367e+02 5.754749315203010838e+02 8.755171902623906135e+02 -1.184861292196493991e+02
2.291693889836410314e+00 4.394871591630602779e+03 4.414055014739984472e+04 -7.229427716223939093e+00 4.399324582233881301e+03 1.410212678071606661e+03 1.077771702808039436e+03 9.044874937237090080e+02 8.755171902623906135e+02 5.613383161686657331e+03 1.376592103443079623e+03
6.605350489072531195e-01 1.077771702808039436e+03 1.289552193761372109e+04 -4.020526045408080229e+00 1.285248744554267205e+03 4.089684460419076686e+02 5.521501809007538668e+02 4.531805929103071549e+02 -1.184861292196493991e+02 1.376592103443079623e+03 7.052380174412720635e+02
