2.827594627876583999e+00 -1.240986509132416771e+01 -1.013711991154773955e+02 8.194168588994939217e-02 -1.509354202725987903e+01 -7.849505795044486867e+00 -5.226768628336190048e+00 -6.087214969858337765e-01 6.956960212476134053e+00 -1.748784922619735838e+01 -7.365506477299541110e+00
-1.240986509132416771e+01 1.679391270004936086e+04 1.241329491003282892e+05 -3.790309553684988941e+01 1.848262524821464103e+04 5.869359696751716001e+03 4.715104207215271344e+03 4.054874997999384050e+03 2.621768529606885750e+03 2.366580225128350503e+04 6.644474444708972442e+03
-1.013711991154773955e+02 1.241329491003282892e+05 9.556718042584845098e+05 -3.472505684634758154e+02 1.422935968766731676e+05 4.556771707585651166e+04 4.174347747980666463e+04 3.625556202458922053e+04 9.495602510565724515e+03 1.749268249005709367e+05 5.882446223000236205e+04
8.194168588994939217e-02 -3.790309553684988941e+01 -3.472505684634758154e+02 2.551753329906367718e-01 -5.170345319801116091e+01 -2.058855195462838239e+01 -2.276479712882557394e+01 -2.047191474322032434e+01 1.879493168394652258e+01 -5.341263704937321677e+01 -3.207990876002284608e+01
-1.509354202725987903e+01 1.848262524821464103e+04 1.422935968766731676e+05 -5.170345319801116091e+01 2.118663292343483408e+04 6.784750094425168754e+03 6.215344567323370029e+03 5.398228036315238569e+03 1.413836245580088644e+03 2.604551792195166490e+04 8.758597122720053449e+03
-7.849505795044486867e+00 5.869359696751716001e+03 4.556771707585651166e+04 -2.058855195462838239e+01 6.784750094425168754e+03 2.668774568445383011e+03 2.042567653583704214e+03 1.609194015080874351e+03 -1.096492295792589857e+02 8.271038941661945501e+03 2.878364502540138346e+03
-5.226768628336190048e+00 4.715104207215271344e+03 4.174347747980666463e+04 -2.276479712882557394e+01 6.215344567323370029e+03 2.042567653583704214e+03 2.569152809214798253e+03 2.273953516213279272e+03 -1.049848517855139562e+03 6.644474444708972442e+03 3.620422674700946118e+03
-6.087214969858337765e-01 4.054874997999384050e+03 3.625556202458922053e+04 -2.047191474322032434e+01 5.398228036315238569e+03 1.609194015080874351e+03 2.273953516213279272e+03 2.411620360296341460e+03 -1.311413806340528708e+03 5.714086500881057873e+03 3.204430986660784583e+03
6.956960212476134053e+00 2.621768529606885750e+03 9.495602510565724515e+03 1.879493168394652258e+01 1.413836245580088644e+03 -1.096492295792589857e+02 -1.049848517855139562e+03 -1.311413806340528708e+03 4.275888159291612283e+03 3.694568185419499514e+03 -1.479435308562118507e+03
-1.748784922619735838e+01 2.366580225128350503e+04 1.749268249005709367e+05 -5.341263704937321677e+01 2.604551792195166490e+04 8.271038941661945501e+03 6.644474444708972442e+03 5.714086500881057873e+03 3.694568185419499514e+03 3.334959554691558151e+04 9.363322358566692856e+03
-7.365506477299541110e+00 6.644474444708972442e+03 5.882446223000236205e+04 -3.207990876002284608e+01 8.758597122720053449e+03 2.878364502540138346e+03 3.620422674700946118e+03 3.204430986660784583e+03 -1.479435308562118507e+03 9.363322358566692856e+03 5.101860931150586111e+03
