0.0000000999999999999999954748111825886258685613938723690807819366
0.0000001032828125941029588796910769314674194419012565049342811108
0.0000001066733937734857129574594209429905244945757658570073544979
0.0000001101752813788387339695849678582184605346583339269272983074
0.0000001137921293915313933948040415848612649796223195153288543224
0.0000001175277117462945139765185674669834003935875443858094513416
0.0000001213859262690628963366536738691103813891913887346163392067
0.0000001253707987440919742947972089636143877555696235504001379013
0.0000001294864871145905001878013062741046290682334074517711997032
0.0000001337372858212497704859104182689710782483416551258414983749
0.0000001381276302832009517987773205768831097373094962676987051964
0.0000001426621015260738262693854770668533404887057258747518062592
0.0000001473454309619834427335613750639775609840853576315566897392
0.0000001521825053264387004927493804093407980815300106769427657127
0.0000001571783717773164468024712494761963021971951093291863799095
0.0000001623382431612278135839565760059621801758567016804590821266
0.0000001676675034527700931894639291286353000032249838113784790039
0.0000001731717133723352770311766386096552494677780487108975648880
0.0000001788566161883461747799907914577288714497171895345672965050
0.0000001847281437099635883337364660253254733390804176451638340950
0.0000001907924224765264963152056358272612435200699110282585024834
0.0000001970557801501800372047585371143574306529444584157317876816
0.0000002035247521183575727512978523550679632592164125526323914528
0.0000002102060883130158356076581807961312087229543976718559861183
0.0000002171067602537266971234405791082999748198290035361424088478
0.0000002242339683219844981316987283723185520045717566972598433495
0.0000002315951492743154462611190717857834187043408746831119060516
0.0000002391979840020237374891031757739856544731082976795732975006
0.0000002470504055456825189442256977129241946045112854335457086563
0.0000002551606073727186320213575817378304222415863478090614080429
0.0000002635370519267393157311412874022060748302465071901679039001
0.0000002721884794575179566964784946131450382722505310084670782089
0.0000002811239171408466897980561651632092079466929135378450155258
0.0000002903526884977813702354960088969360043620326905511319637299
0.0000002998844231231030698241787468133479066523250367026776075363
0.0000003097290667331406934996527059028581518873579625505954027176
0.0000003198968915434537952899622052088668411329308582935482263565
0.0000003303985069871854811683143174350085757851047674193978309631
0.0000003412448707852889447607390265015947505844451370649039745331
0.0000003524473003801587718757484021109283034434156434144824743271
0.0000003640174847446137783023062568787953097171339322812855243683
0.0000003759674965785467634731529824182461041459646367002278566360
0.0000003883098049059609149437257823861413541521869774442166090012
0.0000004010572880855495617585793326903553790430123626720160245895
0.0000004142232472483898033115048281649350769839657004922628402710
0.0000004278214201767612621359136281656843081577790144365280866623
0.0000004418659956385941292977945129422101544491852109786123037338
0.0000004563716281924763051195488485628493080525913683231920003891
0.0000004713534534786906920163034560855574994775452069006860256195
0.0000004868271040122284052536778126141214784183830488473176956177
0.0000005028087254942475043742997932449956266509616398252546787262
0.0000005193149936590211893181617819337247965449932962656021118164
0.0000005363631316739245545358277626746268396118466625921428203583
0.0000005539709281106400868787656595337853815408379887230694293976
0.0000005721567555063252111423256936195702593295209226198494434357
0.0000005909395895340976448973095876138206250516304862685501575470
0.0000006103390288028621038458670575166387095578102162107825279236
0.0000006303753153071281739228321795709408803531914600171148777008
0.0000006510693555481454162928763723661162998723739292472600936890
0.0000006724427423484249369259519758801335598263904103077948093414
0.0000006945177773823688678028862204805182756217618589289486408234
0.0000007173174944465613107945443222002168681683542672544717788696
0.0000007408656834939567920552305931025660612476713140495121479034
0.0000007651869154570818126076016396641676919898600317537784576416
0.0000007903065678861348219871830675375967700801993487402796745300
0.0000008162508514287236451462950390101092068562138592824339866638
0.0000008430468371788967294990684367417266287247912259772419929504
0.0000008707224849239921524854586044883664186500027426518499851227
0.0000008993066723187632426476955695149317904224517405964434146881
0.0000009288292250172498598813288113451580585433475789614021778107
0.0000009593209477938250217643294248670571278125862590968608856201
0.0000009908136566858666022944435169961252540815621614456176757812
0.0000010233402121916422416461004557541869530723488423973321914673
0.0000010569345535579872693811775627437121727325575193390250205994
0.0000010916317341936147697822531710265536730730673298239707946777
0.0000011274679582449473447106937096240386608769767917692661285400
0.0000011644806183726854183170182355233635007607517763972282409668
0.0000012027083347685120329033110070371392907873087096959352493286
0.0000012421909954526186107019638388271332019030523952096700668335
0.0000012829697978941475249833924568432230728376453043892979621887
0.0000013250872919979538722265108297015956395625835284590721130371
0.0000013685874245025177816677654576982270384633011417463421821594
0.0000014135155848353956568598218182519765662163990782573819160461
0.0000014599186524739770782344147267983736071528255706652998924255
0.0000015078450458610511484804561285755220012561039766296744346619
0.0000015573447729261351241630091310486072586627415148541331291199
0.0000016084694832653551797130948505798464509553014067932963371277
0.0000016612725220342929120781851407007145837724237935617566108704
0.0000017158089856100064806549397589119365648002712987363338470459
0.0000017721357790803584654324874178565885074476682348176836967468
0.0000018303116756206129644735667097443787554311711573973298072815
0.0000018903973778192234273096052760143592763597553130239248275757
0.0000019524555810168611028640288374003119997723842971026897430420
0.0000020165510387247484366248992393444439130689715966582298278809
0.0000020827506301905142742651906584416821033300948329269886016846
0.0000021511234301821672562160872588243876180058578029274940490723
0.0000022217407810628823118255081164873487864497292321175336837769
0.0000022946763672319359987053673244350449067496811039745807647705
0.0000023700062920093302008415960674403422103750926908105611801147
0.0000024478091570444401783163135277732180838938802480697631835938
0.0000025281661443315005328622523117498843703288002870976924896240
0.0000026111611009174620527467040181912594221103063318878412246704
0.0000026968806263906924518421702463566447249831981025636196136475
0.0000027854141632417688976761094288292497367365285754203796386719
0.0000028768540901905972849406621649759330239248811267316341400146
0.0000029712958185773339589994326837008031816367292776703834533691
0.0000030688378919176391477032558169346643239805416669696569442749
0.0000031695820887261151171119047398327950304519617930054664611816
0.0000032736335287152477020223857034908476748569228220731019973755
0.0000033811007824806820843202559423446018627146258950233459472656
0.0000034920959847872712054927570035633976885947049595415592193604
0.0000036067349515740316514243735124267686842358671128749847412109
0.0000037251373008002097233246161650521699471028114203363656997681
0.0000038474265772585059382183622633810671231913147494196891784668
0.0000039737303814856121946409023282242856112134177237749099731445
0.0000041041805029047093489650253894662768061607494018971920013428
0.0000042389130573387831250518030523632972972336574457585811614990
0.0000043780686290381665409093825402919719635974615812301635742188
0.0000045217924173707018249386904718001289893436478450894355773926
0.0000046702343883273303770989857974793579842298640869557857513428
0.0000048235494310014669726142423622494703749907785095274448394775
0.0000049818975192051654637547149218068653908630949445068836212158
0.0000051454438783909243744323080971270201189327053725719451904297
0.0000053143591580532417039837642103172754559636814519762992858887
0.0000054888196097896771192409248740773364261258393526077270507812
0.0000056690072712074342052698469607285858273826306685805320739746
0.0000058551101558672437395313553620823654455307405441999435424805
0.0000060473224494626554432986573206498803756403503939509391784668
0.0000062458447124396176925809412439072332290379563346505165100098
0.0000064508840892676858381235387163155081680088187567889690399170
0.0000066626545245811496893874499580778802965141949243843555450439
0.0000068813769864156704473504705399378167385293636471033096313477
0.0000071072796967734119686016872052825021910393843427300453186035
0.0000073405983697572118592883025356421455853705992922186851501465
0.0000075815764575221178950942789442901670327046304009854793548584
0.0000078304654043011821546588224762786012433934956789016723632812
0.0000080875249087704571490393262722662370833859313279390335083008
0.0000083530231950267872832478072142592395721294451504945755004883
0.0000086272372924614511909436470604717328569677192717790603637695
0.0000089104533248215213200827886086408113897050498053431510925293
0.0000092029668087604091128136121757741250348772155120968818664551
0.0000095050829621895114272811522226902525289915502071380615234375
0.0000098171170227521835881245859667387776426039636135101318359375
0.0000101393945767529179317412504901518843780650058761239051818848
0.0000104722518988843543675474473397812857911048922687768936157227
0.0000108160363031070941346395777871158827565523097291588783264160
0.0000111711065050482417633330445294603805450606159865856170654297
0.0000115378329962966196485778941349664705739996861666440963745117
0.0000119165984309855880454633719756074583528970833867788314819336
0.0000123077980250666581697044366094928591337520629167556762695312
0.0000127118399686903014940463421678096267442015232518315315246582
0.0000131291458521246528595412608741987980920384870842099189758301
0.0000135601511056563202783573074405865099834045395255088806152344
0.0000140053054539321967738880331255657551992044318467378616333008
0.0000144650733852164721011555534313508530885883374139666557312012
0.0000149399346360525615281600667061390197432046988978981971740723
0.0000154303846918356472883455260403096076515794266015291213989258
0.0000159369353038177608537524082565894900653802324086427688598633
0.0000164601150230854962588835505021833682803844567388296127319336
0.0000170004697520671803822808754169670919509371742606163024902344
0.0000175585633141447067077662441691998651549511123448610305786133
0.0000181349780419649546261799677449033652010257355868816375732422
0.0000187303153850643459810924179587132698543427977710962295532227
0.0000193451965374404820331363796803714194538770243525505065917969
0.0000199802630857255055028386808713136701953771989792585372924805
0.0000206361776786385667161339424469090886304911691695451736450195
0.0000213136247184143766072745435069535346883640158921480178833008
0.0000220133110749303250255632519172266370333090890198945999145508
0.0000227359668232771501518094114935308880376396700739860534667969
0.0000234823460055427629959885760246862673739087767899036407470703
0.0000242532274176035541452499388892505294279544614255428314208984
0.0000250494154217450249496745157129495851222600322216749191284180
0.0000258717407859592402670934757624721100910392124205827713012695
0.0000267210615507943791808141698052025958531885407865047454833984
0.0000275982639246618043126282882049338240904035046696662902832031
0.0000285042632085343172082016194313069945565075613558292388916016
0.0000294400047510003364404501668971647632133681327104568481445312
0.0000304064649346706851592778142467921043134992942214012145996094
0.0000314046521949674922605591498303567732364172115921974182128906
0.0000324356080723581149385589816880326452519511803984642028808594
0.0000335004082991313629829796538750485979107907041907310485839844
0.0000346001639218510896275383947884307644926593638956546783447266
0.0000357360224606578840084517012520848311396548524498939514160156
0.0000369091691066278251940474541825665255601052194833755493164062
0.0000381208279584388775576217489593489062826847657561302185058594
0.0000393722632996347553843013988839061312319245189428329467773438
0.0000406647809178186192091523920577600392789463512599468231201172
0.0000419997294671530595308768518680864190173451788723468780517578
0.0000433785018755898440384090319899001997328014113008975982666016
0.0000448025367982948969931139560074484506912995129823684692382812
0.0000462733201187869359091546506146386263935710303485393524169922
0.0000477923864993559497802919078246475237392587587237358093261719
0.0000493613209823791688232556829074582083194400183856487274169922
0.0000509817606442042987272694753997370753495488315820693969726562
0.0000526553963033275532700482057801849578027031384408473968505859
0.0000543839742846480124287798785243097654529265128076076507568359
0.0000561692982416381564152174643567150269518606364727020263671875
0.0000580132310383337841284620561843610175856156274676322937011719
0.0000599176966931061285334507438005147150761331431567668914794922
0.0000618846823862439522883488463023127224005293101072311401367188
0.0000639162405334400514963361095155391922162380069494247436523438
0.0000660144909273488304270183224531365340226329863071441650390625
0.0000681816229494447851580338215704557569551980122923851013183594
0.0000704198978544929611589342499655685969628393650054931640625000
0.0000727316511300145357313620686490196476370329037308692932128906
0.0000751192949332096874528671981430250070843612775206565856933594
0.0000775853206078784313377838532943542304565198719501495361328125
0.0000801323012839688674814608848606667379499413073062896728515625
0.0000827628945624635248019124178497918364882934838533401489257812
0.0000854798452884042263277830642209664802066981792449951171875000
0.0000882859884149515020080808969105135020072339102625846862792969
0.0000911842519614656208965658423792888243042398244142532348632812
0.0000941776600686951938018118268836076367733767256140708923339844
0.0000972693361542617817043152039779840833944035694003105163574219
0.0001004625061717341264052802407569231490924721583724021911621094
0.0001037605019766911805057310602684594869060674682259559631347656
0.0001071667648032863316264612363326591548684518784284591674804688
0.0001106848488549411983067338738351281790528446435928344726562500
0.0001143184250129150245078868408654670929536223411560058593750000
0.0001180712846666190276451180451999789511319249868392944335937500
0.0001219473436696738311837626134170875502604758366942405700683594
0.0001259506464258357640896568430122215431765653192996978759765625
0.0001300853701090571971649839655427172147028613835573196411132812
0.0001343558290220826280120941520479505015828181058168411254882812
0.0001387664790981308433805846425102004104701336473226547241210938
0.0001433219225503573883862690196977496270847041159868240356445312
0.0001480269126739508684948570804706946546502877026796340942382812
0.0001528863588058731147467650401949867955408990383148193359375000
0.0001579053314474175941962974523136153948144055902957916259765625
0.0001630890675549332693647364145306255522882565855979919433593750
0.0001684429760042315199833340422230776312062516808509826660156250
0.0001739726432343802501809260085963160236133262515068054199218750
0.0001796838390767721007571650071454882890975568443536758422851562
0.0001855825227755518783395033421967923459305893629789352416992188
0.0001916748492056814909441364580544586715404875576496124267578125
0.0001979671752951332644020893125613724805589299649000167846679688
0.0002044660666579117651309172032370042870752513408660888671875000
0.0002111783044448244290886701479692533212073612958192825317382812
0.0002181108924191519878640205254427542058692779392004013061523438
0.0002252710642645980429390334398576101193611975759267807006835938
0.0002326662911331458009293188249344552787079010158777236938476562
0.0002403042894406969638611965001118164764193352311849594116210938
0.0002481930289186255376120138205209286752506159245967864990234375
0.0002563407409296514834901037360737063863780349493026733398437500
0.0002647559270567066648169318732186638953862711787223815917968750
0.0002734473679737582478554980269791485625319182872772216796875000
0.0002824241326078435749928619014070818593609146773815155029296875
0.0002916955876018796070189842417619274783646687865257263183593750
0.0003012714070881163997729645931400455083348788321018218994140625
0.0003111615827824359818178090453244521995657123625278472900390625
0.0003213764344100278683158400383490516105666756629943847656250000
0.0003319266204733189572911866704885142098646610975265502929687500
0.0003428231493733970816802092418384972916101105511188507080078125
0.0003540773908965269578009993356459972346783615648746490478515625
0.0003657010880777493183786674979529607298900373280048370361328125
0.0003777063694539368500502352077319301315583288669586181640625000
0.0003901057617190993283620703557801334682153537869453430175781250
0.0004029122027951348048932511680675361276371404528617858886718750
0.0004161390553316707176939592827125125040765851736068725585937500
0.0004298001206490798496717697929625501274131238460540771484375000
0.0004439096531392171165325555293179604632314294576644897460937500
0.0004584823751389095931874084755008880165405571460723876953125000
0.0004735334922917116217376543030326274674735032021999359130859375
0.0004890787094139594295971740223194501595571637153625488281250000
0.0005051342468816766339070878366612760146381333470344543457031250
0.0005217168575554349515058238928588707494782283902168273925781250
0.0005388438442608223894955687960361956356791779398918151855468750
0.0005565330778427645752950980728712693235138431191444396972656250
0.0005748030158125356668327721187949919112725183367729187011718750
0.0005936727216069126282504964109421052853576838970184326171875000
0.0006131618844795775572636964412254201306495815515518188476562500
0.0006332908400455114538221690345665138011099770665168762207031250
0.0006540805914998259248255285669415570737328380346298217773437500
0.0006755528315331646438401946852536639198660850524902343750000000
0.0006977299649665538337425796377999631658894941210746765136718750
0.0007206351321293052872643536410635078937048092484474182128906250
0.0007442922330043757984593955079333227331517264246940612792968750
0.0007687259521663735752083912444732050062157213687896728515625000
0.0007939617845382283649324772767386093619279563426971435546875000
0.0008200260619934130737126998234032271284377202391624450683593750
0.0008469459808314584682228942646986524778185412287712097167968750
0.0008747496301554415773851780535608213540399447083473205566406250
0.0009034660211810534519508153472600042732665315270423889160156250
0.0009331251175078250116590172780206557945348322391510009765625000
0.0009637578663841088596683781553053904644912108778953552246093750
0.0009953962309984234688164939086618687724694609642028808593750000
0.0010280732238308646579044713931239130033645778894424438476562500
0.0010618229410993846456578992842878506053239107131958007812500000
0.0010966805983368696844615364227593090618029236793518066406250000
0.0011326825671361538845627325855502931517548859119415283203125000
0.0011698664131013080270254933523688123386818915605545043945312500
0.0012082709350447759857893892387892265105620026588439941406250000
0.0012479362054713114601328660668855263793375343084335327148437500
0.0012889036123908941683380291465255140792578458786010742187500000
0.0013312159025043077912459077438711574359331279993057250976562500
0.0013749172258064204597133306506862027163151651620864868164062500
0.0014200531816536817938945169714770599966868758201599121093750000
0.0014666708663439685655927036123102880083024501800537109375000000
0.0015148189222583474059652397514241783937904983758926391601562500
0.0015645475886160958682580268686024282942526042461395263671875000
0.0016159087538959191008430815728047491575125604867935180664062500
0.0016689560099780230504468159224984447064343839883804321289062500
0.0017237447080636198164932393339654481678735464811325073242187500
0.0017803320164301156530023417801089635759126394987106323242187500
0.0018387769800823267930811599768503583618439733982086181640625000
0.0018991405823619354840264827899432020785752683877944946289062500
0.0019614858085794293317272174448362420662306249141693115234375000
0.0020258777117350169894027800410185591317713260650634765625000000
0.0020923834803969788842525900918190018273890018463134765625000000
0.0021610725088083765008106773564122704556211829185485839843750000
0.0022320164692952344787091334410433773882687091827392578125000000
0.0023052893870517108566853270446017631911672651767730712890625000
0.0023809677173803581347322211314576634322293102741241455078125000
0.0024591304254680465546378798080695560202002525329589843750000000
0.0025398590687807239517359558789166840142570436000823974609375000
0.0026232378821631238512146477859232618357054889202117919921875000
0.0027093538657320544692230779304509269422851502895355224609375000
0.0027982968756551157216150294004819443216547369956970214843750000
0.0028901597179095115698610474197494113468565046787261962890625000
0.0029850382451187293213201723318661606754176318645477294921875000
0.0030830314565682770747145902134889183798804879188537597656250000
0.0031842416015046563944335122897655310225673019886016845703125000
0.0032887742858255099125119880199008548515848815441131591796875000
0.0033967385822722094557146732540786615572869777679443359375000000
0.0035082471442397888776454362158574440400116145610809326171875000
0.0036234163233231499005870812624152677017264068126678466796875000
0.0037423662907219846888995373745956385391764342784881591796875000
0.0038652211626312616039868874651119767804630100727081298828125000
0.0039921091297480532089636540149513166397809982299804687500000000
0.0041231625910297482404121005572505964664742350578308105468750000
0.0042585182918434142176900003562423080438748002052307128906250000
0.0043983174666502285535263361282432015286758542060852050781250000
0.0045427059863740425205147488441070890985429286956787109375000000
0.0046918345106077988596049443970059655839577317237854003906250000
0.0048458586448165003046639753847557585686445236206054687500000000
0.0050049391027009535598546463575075904373079538345336914062500000
0.0051692418738916038126185448220439866418018937110900878906250000
0.0053389383971473502663029897519209043821319937705993652343750000
0.0055142057392403021065518942123162560164928436279296875000000000
0.0056952267797128310403143025553163170116022229194641113281250000
0.0058821904016999560990686113370884413598105311393737792968750000
0.0060752916890160777244056511392500397050753235816955566406250000
0.0062747321297115746935313396193123480770736932754516601562500000
0.0064807198263119704731427539456944941775873303413391113281250000
0.0066934697129586674321788386521348002133890986442565917968750000
0.0069132037796781273253365895925526274368166923522949218750000000
0.0071401513040134029566829987345499830553308129310607910156250000
0.0073745490902595465729230106433078617556020617485046386718750000
0.0076166417165528920579786742450778547208756208419799804687500000
0.0078666817900715901162866927620598289649933576583862304687500000
0.0081249302106140477292006707443761115428060293197631835937500000
0.0083916564428301622380335089701475226320326328277587890625000000
0.0086671387973892236727957438802150136325508356094360351562500000
0.0089516647213783023806499272723158355802297592163085937500000000
0.0092455310982335805330967204440639761742204427719116210937500000
0.0095490445575180781662139040122383448760956525802612304687500000
0.0098625217948687844693456128197794896550476551055908203125000000
0.0101862899024468857300806945431759231723845005035400390625000000
0.0105206867102362287835770615629371604882180690765380859375000000
0.0108660611385459800193320489825055119581520557403564453125000000
0.0112227735620850713194052161725267069414258003234863281250000000
0.0115911961859888577863753056362838833592832088470458984375000000
0.0119717134341896808830130183309847780037671327590942382812500000
0.0123647223505371495200222398125333711504936218261718750000000000
0.0127706330130864468413998125129182881209999322891235351562500000
0.0131898689619866921196589260034670587629079818725585937500000000
0.0136228676414164688590613394580941530875861644744873046875000000
0.0140700808560268644104018775919939798768609762191772460937500000
0.0145319752423689538267659315806668018922209739685058593750000000
0.0150090327557973659405865518579048512037843465805053710937500000
0.0155017511733576886928664961828872037585824728012084960937500000
0.0160106446131831788026733676133517292328178882598876953125000000
0.0165362440709418204165537247263273457065224647521972656250000000
0.0170790979738942687304881218324226210825145244598388671875000000
0.0176397727531404507894663424849568400532007217407226562500000000
0.0182188534346516897710621663009078474715352058410644531250000000
0.0188169442497055569574193611970258643850684165954589843750000000
0.0194346692653602215461461355516803450882434844970703125000000000
0.0200726730356256821696803172017098404467105865478515625000000000
0.0207316212740123115287893540426011895760893821716308593750000000
0.0214122015481573169104478893132181838154792785644531250000000000
0.0221151239972548867285251361636255751363933086395263671875000000
0.0228411220730382544252812238028127467259764671325683593750000000
0.0235909533050863394476603929206248722039163112640380859375000000
0.0243654000912546589430185406399687053635716438293457031250000000
0.0251652705140539417749678818836400751024484634399414062500000000
0.0259913991838293285951966282709690858609974384307861328125000000
0.0268446481096196523652430698803073028102517127990722656250000000
0.0277259075986048125761485039220133330672979354858398437500000000
0.0286360971850811579786366678490594495087862014770507812500000000
0.0295761665899325655593177231139634386636316776275634765625000000
0.0305470967115996812346612188093786244280636310577392578125000000
0.0315499006495808878569597766272636363282799720764160156250000000
0.0325856247615322336397269964436418376863002777099609375000000000
0.0336553497550709443397742859360732836648821830749511718750000000
0.0347601918154198108457109128721640445291996002197265625000000000
0.0359013037700706832966446313548658508807420730590820312500000000
0.0370798762916817251089618423520732903853058815002441406250000000
0.0382971391404628505594764931174722732976078987121582031250000000
0.0395543624473470162294930219104571733623743057250976562500000000
0.0408528580392856568992421273378568002954125404357910156250000000
0.0421939808080502437581671415500750299543142318725585937500000000
0.0435791301239702999481551159988157451152801513671875000000000000
0.0450097512960805148929388508349802577868103981018066406250000000
0.0464873370802025634440646228995319688692688941955566406250000000
0.0480134292365345521913511106504302006214857101440429687500000000
0.0495896201383721202393672911057365126907825469970703125000000000
0.0512175544336424121150130872592853847891092300415039062500000000
0.0528989307609815662125640756130451336503028869628906250000000000
0.0546355035221487567165254972678667400032281875610351562500000000
0.0564290847126254213605989207280799746513366699218750000000000000
0.0582815458123083982022727411731466418132185935974121093750000000
0.0601948197382727451243411564973939675837755203247070312500000000
0.0621709028616383371779186006733652902767062187194824218750000000
0.0642118570906475838455662596970796585083007812500000000000000000
0.0663198120221267506391171764335012994706630706787109375000000000
0.0684969671635745347426649232147610746324062347412109375000000000
0.0707455942281987881781191163099720142781734466552734375000000000
0.0730680395052950709677830332111625466495752334594726562500000000
0.0754667263084388695304483007930684834718704223632812500000000000
0.0779441575040495104875759579954319633543491363525390625000000000
0.0805029181229598850277895394356164615601301193237304687500000000
0.0831456780577206344684526584387640468776226043701171875000000000
0.0858751948484517968473994642408797517418861389160156250000000000
0.0886943165601470490111424282986263278871774673461914062500000000
0.0916059847544370975391814226895803585648536682128906250000000000
0.0946132375589077839750373755123291630297899246215820312500000000
0.0977192128371799639818817695413599722087383270263671875000000000
0.1009271514630571825454907752828148659318685531616210937500000000
0.1042404007021555806256074561133573297411203384399414062500000000
0.1076624177045493319093694140065053943544626235961914062500000000
0.1111967731120700048075278232317941728979349136352539062500000000
0.1148471547840289042063943725224817171692848205566406250000000000
0.1186173716452479237615236229430593084543943405151367187500000000
0.1225113576604117821000627941430138889700174331665039062500000000
0.1265331759388942933775012988917296752333641052246093750000000000
0.1306870229743347655571028553822543472051620483398437500000000000
0.1349772330233941775023964737556525506079196929931640625000000000
0.1394082826282578568832803966870415024459362030029296875000000000
0.1439847952876009418154978902748553082346916198730468750000000000
0.1487115462808953625373220575056620873510837554931640625000000000
0.1535934676510898599932630759212770499289035797119140625000000000
0.1586356533508589683467704389840946532785892486572265625000000000
0.1638433645577984654195802249887492507696151733398437500000000000
0.1692220351641038900147862023004563525319099426269531250000000000
0.1747772774464680933803606421861331909894943237304687500000000000
0.1805148879221110114201565011171624064445495605468750000000000000
0.1864408533970485226660684929811395704746246337890625000000000000
0.1925613572129198647342462891174363903701305389404296875000000000
0.1988827856988811815242002012382727116346359252929687500000000000
0.2054117348353064198551720664909225888550281524658203125000000000
0.2121550171362452386070174270571442320942878723144531250000000000
0.2191196687578147450636834037140943109989166259765625000000000000
0.2263129568399529778499612575615174137055873870849609375000000000
0.2337423870891817412331903369704377837479114532470703125000000000
0.2414157116103017863828483768884325399994850158691406250000000000
0.2493409369951880560911661177669884636998176574707031250000000000
0.2575263326771198846287802552978973835706710815429687500000000000
0.2659804395593758363780523268360411748290061950683593750000000000
0.2747120789270814378291163393441820517182350158691406250000000000
0.2837303616516211324238838642486371099948883056640625000000000000
0.2930446976972144179640622496663127094507217407226562500000000000
0.3026648059395695145035176665260223671793937683105468750000000000
0.3126007243068703589372603346419055014848709106445312500000000000
0.3228628202536733549088410200056387111544609069824218750000000000
0.3334618015786362521524210933421272784471511840820312500000000000
0.3444087275973823358832248686667298898100852966308593750000000000
0.3557150206821389493150320504355477169156074523925781250000000000
0.3673924781802074268632907205756055191159248352050781250000000000
0.3794532847236942174617979617323726415634155273437500000000000000
0.3919100249433402072263277204910991713404655456542968750000000000
0.4047756965997322264882996023516170680522918701171875000000000000
0.4180637241455761876629537709959549829363822937011718750000000000
0.4317879727332021300156839060946367681026458740234375000000000000
0.4459627626819095413956972606683848425745964050292968750000000000
0.4606028844202398331297843014908721670508384704589843750000000000
0.4757236139187889234491990464448463171720504760742187500000000000
0.4913407286296366804911883718887111172080039978027343750000000000
0.5074705239490465702445476381399203091859817504882812500000000000
0.5241298302206061077157528416137211024761199951171875000000000000
0.5413360302965375403516645747004076838493347167968750000000000000
0.5591070776755292515147743870329577475786209106445312500000000000
0.5774615152359825476224841622752137482166290283203125000000000000
0.5964184945842460061626866263395640999078750610351562500000000000
0.6159977960380168537923850635706912726163864135742187500000000000
0.6362198492657494819368935168313328176736831665039062500000000000
0.6571057546036270791134370483632665127515792846679687500000000000
0.6786773050723302613818077588803134858608245849609375000000000000
0.7009570091165617800044174146023578941822052001953125000000000000
0.7239681140910876333549595074146054685115814208984375000000000000
0.7477346305177595686686231601925101131200790405273437500000000000
0.7722813571388642550630265759536996483802795410156250000000000000
0.7976339067929281156921206275001168251037597656250000000000000000
0.8238187331399601243120400795305613428354263305664062500000000000
0.8508631582640581170196014682005625218152999877929687500000000000
0.8787954011821328403897268799482844769954681396484375000000000000
0.9076446072885356874948570293781813234090805053710937500000000000
0.9374408787663000008905100912670604884624481201171875000000000000
0.9682153059967075758862620205036364495754241943359375000000000000
1.0000000000000000000000000000000000000000000000000000000000000000
