2.888236436113296612e+00 8.099773804036297875e+00 4.049736882732877064e+01 -2.799453413321834148e-03 1.108535351418728965e+01 1.804497808582348206e+00 2.866615788393602315e+00 3.064260851337187841e+00 5.445882447269258186e+00 1.469797361183898410e+01 5.201804918563804669e+00
8.099773804036297875e+00 5.803558510494436632e+03 3.252778839934515418e+04 -1.599533648782221995e+01 8.903838542668248920e+03 5.985410555372893668e+02 3.005203429390756810e+03 4.322113117422583855e+03 4.441657846493878310e+02 1.053122616825468685e+04 5.453288174712030013e+03
4.049736882732877064e+01 3.252778839934515418e+04 1.909993661367285240e+05 -1.097261846506838623e+02 5.228229773739075608e+04 4.902286498277687315e+03 1.919728154483121398e+04 2.712490653063027639e+04 -1.545826826910049704e+03 5.902542306882860430e+04 3.483568114264694304e+04
-2.799453413321834148e-03 -1.599533648782221995e+01 -1.097261846506838623e+02 1.538889581146725694e-01 -3.003537221892284137e+01 -9.063172225893634248e+00 -1.372174167561584568e+01 -2.006044371318726149e+01 1.794855581929383703e+01 -2.902538259689936240e+01 -2.489968262523215259e+01
1.108535351418728965e+01 8.903838542668248920e+03 5.228229773739075608e+04 -3.003537221892284137e+01 1.431124464959961733e+04 1.341903941783075197e+03 5.254876022765912239e+03 7.424906522035840680e+03 -4.231395111390161219e+02 1.615704180269803328e+04 9.535578521663213905e+03
1.804497808582348206e+00 5.985410555372893668e+02 4.902286498277687315e+03 -9.063172225893634248e+00 1.341903941783075197e+03 7.989662551290565489e+02 7.292210251521411237e+02 9.645434496858217699e+02 -1.336825998890227766e+03 1.086121767438175993e+03 1.323255641971544947e+03
2.866615788393602315e+00 3.005203429390756810e+03 1.919728154483121398e+04 -1.372174167561584568e+01 5.254876022765912239e+03 7.292210251521411237e+02 2.193844907906749086e+03 3.023859908835217993e+03 -8.632750708548774128e+02 5.453288174712029104e+03 3.980984573768260361e+03
3.064260851337187841e+00 4.322113117422583855e+03 2.712490653063027639e+04 -2.006044371318726149e+01 7.424906522035840680e+03 9.645434496858217699e+02 3.023859908835217993e+03 4.435655546433546078e+03 -1.396234799766457854e+03 7.842972666175412087e+03 5.487142508079691652e+03
5.445882447269258186e+00 4.441657846493878310e+02 -1.545826826910049704e+03 1.794855581929383703e+01 -4.231395111390161219e+02 -1.336825998890227766e+03 -8.632750708548774128e+02 -1.396234799766457854e+03 3.645514441044837895e+03 8.059900362656118205e+02 -1.566512166655878673e+03
1.469797361183898410e+01 1.053122616825468685e+04 5.902542306882860430e+04 -2.902538259689936240e+01 1.615704180269803328e+04 1.086121767438175993e+03 5.453288174712029104e+03 7.842972666175412087e+03 8.059900362656118205e+02 1.911012431534588904e+04 9.895620251732141696e+03
5.201804918563804669e+00 5.453288174712030013e+03 3.483568114264694304e+04 -2.489968262523215259e+01 9.535578521663213905e+03 1.323255641971544947e+03 3.980984573768260361e+03 5.487142508079691652e+03 -1.566512166655878673e+03 9.895620251732141696e+03 7.223955585676474584e+03
