5.249930318032397736e+00 5.243758337227030886e+00 2.609649174656825821e+01 4.550459943040658338e-03 6.109412689376812367e+00 -2.242488823612070192e-01 1.112299522655029405e+00 3.113356598343148374e+00 7.453004371965784358e+00 8.784420639587777302e+00 1.863340424147294838e+00
5.243758337227030886e+00 1.404759150294772735e+04 8.398302074165840168e+04 -4.854744020107158065e+01 1.966114593463520941e+04 3.551370616629350479e+03 6.399552702183007568e+03 7.972053625785806616e+03 -1.099790372533568075e+02 2.353273068648844492e+04 1.072062425952951708e+04
2.609649174656825821e+01 8.398302074165840168e+04 5.275693381522307172e+05 -3.609297228197330583e+02 1.235085098922234029e+05 2.514603855655680309e+04 4.445133946174404991e+04 5.494800757131398859e+04 -1.266064193447920297e+04 1.406895843274276413e+05 7.446553382388684258e+04
4.550459943040658338e-03 -4.854744020107158065e+01 -3.609297228197330583e+02 5.367729752706703605e-01 -8.449674576882905797e+01 -3.144279514870819980e+01 -3.929485133286593879e+01 -5.129183932292832537e+01 5.862760695028836722e+01 -8.132738167467989854e+01 -6.582730951337066472e+01
6.109412689376812367e+00 1.966114593463520941e+04 1.235085098922234029e+05 -8.449674576882905797e+01 2.891440216981636695e+04 5.886903440390160540e+03 1.040644006882980648e+04 1.286380016027643796e+04 -2.963964936027643489e+03 3.293663915059242572e+04 1.743302056394979809e+04
-2.242488823612070192e-01 3.551370616629350479e+03 2.514603855655680309e+04 -3.144279514870819980e+01 5.886903440390160540e+03 2.299409457947299870e+03 2.569080858944797910e+03 3.078364353050920272e+03 -3.105226360149725224e+03 5.949307984326708720e+03 4.303761819431753793e+03
1.112299522655029405e+00 6.399552702183007568e+03 4.445133946174404991e+04 -3.929485133286593879e+01 1.040644006882980648e+04 2.569080858944797910e+03 4.420070085259741973e+03 5.402665589208990241e+03 -2.966975464350347011e+03 1.072062425952951708e+04 7.404566036106252795e+03
3.113356598343148374e+00 7.972053625785806616e+03 5.494800757131398859e+04 -5.129183932292832537e+01 1.286380016027643796e+04 3.078364353050920272e+03 5.402665589208990241e+03 7.173651542208451247e+03 -4.350415400511113148e+03 1.335490079950677500e+04 9.050624391614381238e+03
7.453004371965784358e+00 -1.099790372533568075e+02 -1.266064193447920297e+04 5.862760695028836722e+01 -2.963964936027643489e+03 -3.105226360149725224e+03 -2.966975464350347011e+03 -4.350415400511113148e+03 9.642934039401388873e+03 -1.842384912957818131e+02 -4.970320680333322343e+03
8.784420639587777302e+00 2.353273068648844492e+04 1.406895843274276413e+05 -8.132738167467989854e+01 3.293663915059242572e+04 5.949307984326708720e+03 1.072062425952951708e+04 1.335490079950677500e+04 -1.842384912957818131e+02 3.942237453634586564e+04 1.795934651414112523e+04
1.863340424147294838e+00 1.072062425952951708e+04 7.446553382388684258e+04 -6.582730951337066472e+01 1.743302056394979809e+04 4.303761819431753793e+03 7.404566036106252795e+03 9.050624391614381238e+03 -4.970320680333322343e+03 1.795934651414112523e+04 1.240423729159859613e+04
