6.268674488160040248e+00 1.317353233426091341e+00 3.750935079200846456e+00 -5.689728969616665404e-03 7.426391183926588369e-01 -9.014433619464033987e-01 -5.141748091634720241e-01 4.921373589421933481e+00 5.202394135884955695e+00 2.050790977177727292e+00 -8.004421536827647232e-01
1.317353233426091341e+00 2.508265154529156644e+04 1.597010610071340925e+05 -8.530401312437329864e+01 3.161885040622495217e+04 8.611526775574635394e+03 9.393465568854247977e+03 9.726013736077704380e+03 5.356943550553037312e+02 3.904744313641453482e+04 1.462328701538561290e+04
3.750935079200846456e+00 1.597010610071340925e+05 1.066904631710613845e+06 -6.778706170167738492e+02 2.112340252157714567e+05 6.061620156384951406e+04 7.069229717454581987e+04 7.348285790190934495e+04 -1.716025232938211047e+04 2.486147880833485397e+05 1.100503050533251808e+05
-5.689728969616665404e-03 -8.530401312437329864e+01 -6.778706170167738492e+02 8.578721274814354869e-01 -1.342100640976412080e+02 -5.495051021205417641e+01 -6.122499056644593907e+01 -6.739078286271906393e+01 8.218359539290493387e+01 -1.327971086217634138e+02 -9.531206592548565482e+01
7.426391183926588369e-01 3.161885040622495217e+04 2.112340252157714567e+05 -1.342100640976412080e+02 4.182174496451134473e+04 1.200126409526683710e+04 1.399620738358471499e+04 1.454870416495582867e+04 -3.397519389752631469e+03 4.922267731728818762e+04 2.178860998603553162e+04
-9.014433619464033987e-01 8.611526775574635394e+03 6.061620156384951406e+04 -5.495051021205417641e+01 1.200126409526683710e+04 4.650469239856210152e+03 4.482442185955001150e+03 4.440054096677489724e+03 -3.534895592793521701e+03 1.340600300888376842e+04 6.978046402004068113e+03
-5.141748091634720241e-01 9.393465568854247977e+03 7.069229717454581987e+04 -6.122499056644593907e+01 1.399620738358471499e+04 4.482442185955001150e+03 5.882944559123331601e+03 6.153773999263916267e+03 -4.269382159545875766e+03 1.462328701538561290e+04 9.158279886488664488e+03
4.921373589421933481e+00 9.726013736077704380e+03 7.348285790190934495e+04 -6.739078286271906393e+01 1.454870416495582867e+04 4.440054096677489724e+03 6.153773999263916267e+03 7.303795353389534284e+03 -5.561661726798946802e+03 1.514098171071435536e+04 9.579893891071109465e+03
5.202394135884955695e+00 5.356943550553037312e+02 -1.716025232938211047e+04 8.218359539290493387e+01 -3.397519389752631469e+03 -3.534895592793521701e+03 -4.269382159545875766e+03 -5.561661726798946802e+03 1.302516120610099097e+04 8.339427284930241058e+02 -6.646364990617757030e+03
2.050790977177727292e+00 3.904744313641453482e+04 2.486147880833485397e+05 -1.327971086217634138e+02 4.922267731728818762e+04 1.340600300888376842e+04 1.462328701538561290e+04 1.514098171071435536e+04 8.339427284930241058e+02 6.078714655579302780e+04 2.276481683643710858e+04
-8.004421536827647232e-01 1.462328701538561290e+04 1.100503050533251808e+05 -9.531206592548565482e+01 2.178860998603553162e+04 6.978046402004068113e+03 9.158279886488664488e+03 9.579893891071109465e+03 -6.646364990617757030e+03 2.276481683643710858e+04 1.425716146673352341e+04
