4.238952166901666097e-02 3.922479064793071291e-01 5.061134997343361697e+00 -1.164120781923631788e-03 3.911178847199338060e-01 1.727279642445454511e-01 1.125765493360894320e-01 1.280840743949886174e-01 3.220596568852257535e-02 4.796252358649475966e-01 1.376541547737546167e-01
3.922479064793071291e-01 2.918371864501071400e+02 3.665347811636048846e+03 -4.143894854346902856e-01 2.832532788796250998e+02 8.461593267998614465e+01 7.206764306315263013e+01 6.227507705636445223e+01 6.111768424025841284e+01 3.568469762952818769e+02 8.812146535756947685e+01
5.061134997343361697e+00 3.665347811636048846e+03 4.743226990797891631e+04 -6.289837846741760607e+00 3.665503702946395606e+03 1.092878837603195961e+03 1.068146002082113000e+03 9.068086933972925863e+02 6.002719466219850801e+02 4.481842425781693237e+03 1.306086711297363763e+03
-1.164120781923631788e-03 -4.143894854346902856e-01 -6.289837846741760607e+00 1.718369929750822745e-03 -4.860704318577422356e-01 -1.704358519248234671e-01 -2.289580538571271695e-01 -1.864541324587354609e-01 8.523676448313141640e-02 -5.066990834329733184e-01 -2.799608583511895010e-01
3.911178847199338060e-01 2.832532788796250998e+02 3.665503702946395606e+03 -4.860704318577422356e-01 2.832653259559392609e+02 8.445624537636555829e+01 8.254492423650073363e+01 7.007698830269602297e+01 4.638822994105957065e+01 3.463509134097237734e+02 1.009326706463237002e+02
1.727279642445454511e-01 8.461593267998614465e+01 1.092878837603195961e+03 -1.704358519248234671e-01 8.445624537636555829e+01 3.027063560785008889e+01 2.441202169843291614e+01 1.914152205220706904e+01 1.042654763810525509e+01 1.034650179113495341e+02 2.985005521162362996e+01
1.125765493360894320e-01 7.206764306315263013e+01 1.068146002082113000e+03 -2.289580538571271695e-01 8.254492423650073363e+01 2.441202169843291614e+01 3.681580397155807560e+01 2.992341763238696473e+01 -4.431798490359874165e+00 8.812146535756947685e+01 4.501690989738332860e+01
1.280840743949886174e-01 6.227507705636445223e+01 9.068086933972925863e+02 -1.864541324587354609e-01 7.007698830269602297e+01 1.914152205220706904e+01 2.992341763238696473e+01 2.811873496999289301e+01 -4.708892731526505671e+00 7.614750271010632332e+01 3.658917231359668421e+01
3.220596568852257535e-02 6.111768424025841284e+01 6.002719466219850801e+02 8.523676448313141640e-02 4.638822994105957065e+01 1.042654763810525509e+01 -4.431798490359874165e+00 -4.708892731526505671e+00 4.167573013877767352e+01 7.473228852223269314e+01 -5.419028020629877318e+00
4.796252358649475966e-01 3.568469762952818769e+02 4.481842425781693237e+03 -5.066990834329733184e-01 3.463509134097237734e+02 1.034650179113495341e+02 8.812146535756947685e+01 7.614750271010632332e+01 7.473228852223269314e+01 4.363383777099826943e+02 1.077514447081408377e+02
1.376541547737546167e-01 8.812146535756947685e+01 1.306086711297363763e+03 -2.799608583511895010e-01 1.009326706463237002e+02 2.985005521162362996e+01 4.501690989738332860e+01 3.658917231359668421e+01 -5.419028020629877318e+00 1.077514447081408377e+02 5.504489806265569740e+01
