8.550586889141827129e-02 7.891179161879210424e-01 9.712287928048514374e+00 -2.358180382068405644e-03 7.917486401150238828e-01 3.492018397248811690e-01 2.262662627831169559e-01 2.579645742976960920e-01 6.540795240324168147e-02 9.728316013057625167e-01 2.789430657057222485e-01
7.891179161879210424e-01 6.393490094655581970e+02 7.655459897644518605e+03 -9.704296613110591219e-01 6.240753989501031356e+02 1.941773114199572206e+02 1.574582592194923905e+02 1.336844667122813064e+02 1.284444148130537542e+02 7.881951580522890026e+02 1.941159455551354540e+02
9.712287928048514374e+00 7.655459897644518605e+03 9.450885428537768894e+04 -1.407996094029891765e+01 7.704390295429774596e+03 2.392864813841514206e+03 2.229860397965456741e+03 1.867584942663833772e+03 1.165070567081740819e+03 9.437719202897951618e+03 2.748991775678357044e+03
-2.358180382068405644e-03 -9.704296613110591219e-01 -1.407996094029891765e+01 4.329894544760198687e-03 -1.147802660911664052e+00 -4.173921276378768086e-01 -5.370271770648600285e-01 -4.366556408172433401e-01 2.327868061251143483e-01 -1.196354336913857619e+00 -6.620518909677205466e-01
7.917486401150238828e-01 6.240753989501031356e+02 7.704390295429774596e+03 -1.147802660911664052e+00 6.280642197298993779e+02 1.950670610646506020e+02 1.817788919371787415e+02 1.522460875962200930e+02 9.497690389316476001e+01 7.693657148592490103e+02 2.240986383646112472e+02
3.492018397248811690e-01 1.941773114199572206e+02 2.392864813841514206e+03 -4.173921276378768086e-01 1.950670610646506020e+02 7.200824475610946251e+01 5.603729903903504805e+01 4.334049791681552222e+01 2.149568656228667507e+01 2.393835204229975773e+02 6.908328177409175908e+01
2.262662627831169559e-01 1.574582592194923905e+02 2.229860397965456741e+03 -5.370271770648600285e-01 1.817788919371787415e+02 5.603729903903504805e+01 8.050946969943436216e+01 6.525248713726340100e+01 -1.354053980479791619e+01 1.941159455551354540e+02 9.925279191015948754e+01
2.579645742976960920e-01 1.336844667122813064e+02 1.867584942663833772e+03 -4.366556408172433401e-01 1.522460875962200930e+02 4.334049791681552222e+01 6.525248713726340100e+01 6.142523095792757459e+01 -1.461391264799814493e+01 1.648074022316895082e+02 8.044384780615023089e+01
6.540795240324168147e-02 1.284444148130537542e+02 1.165070567081740819e+03 2.327868061251143483e-01 9.497690389316476001e+01 2.149568656228667507e+01 -1.354053980479791619e+01 -1.461391264799814493e+01 9.593931443529636738e+01 1.583474195402854150e+02 -1.669289817227899775e+01
9.728316013057625167e-01 7.881951580522890026e+02 9.437719202897951618e+03 -1.196354336913857619e+00 7.693657148592490103e+02 2.393835204229975773e+02 1.941159455551354540e+02 1.648074022316895082e+02 1.583474195402854150e+02 9.716940168506504278e+02 2.393078680378274612e+02
2.789430657057222485e-01 1.941159455551354540e+02 2.748991775678357044e+03 -6.620518909677205466e-01 2.240986383646112472e+02 6.908328177409175908e+01 9.925279191015948754e+01 8.044384780615023089e+01 -1.669289817227899775e+01 2.393078680378274612e+02 1.223597266102801626e+02
