3.955381529658023254e+00 -1.927105034217462176e+01 -1.481581260463919705e+02 1.093943246073818681e-01 -2.299987637956985154e+01 -1.151405998550839627e+01 -7.331332127573713997e+00 -3.356313901775235253e-01 8.086686286429518589e+00 -2.750683459073921711e+01 -1.046449137863578827e+01
-1.927105034217462176e+01 2.627853027885716074e+04 1.865212514176587283e+05 -6.397623216483632547e+01 2.895531847794514761e+04 9.950882445264014677e+03 7.118005807038788589e+03 5.866963137688883762e+03 3.722658690055705392e+03 3.750907048830265558e+04 1.015999672429080420e+04
-1.481581260463919705e+02 1.865212514176587283e+05 1.378822182671330404e+06 -5.646662977893325888e+02 2.140465771072134085e+05 7.406512469357834198e+04 6.071705038017798506e+04 5.097317930390217225e+04 1.063889734147691524e+04 2.662340204246630310e+05 8.666542985412973212e+04
1.093943246073818681e-01 -6.397623216483632547e+01 -5.646662977893325888e+02 4.673255325044365360e-01 -8.765806771069310344e+01 -3.667251985917386037e+01 -3.785355112688695556e+01 -3.358895839546062945e+01 3.509225134337847862e+01 -9.131747386106944475e+01 -5.403085722009866032e+01
-2.299987637956985154e+01 2.895531847794514761e+04 2.140465771072134085e+05 -8.765806771069310344e+01 3.322831453331456578e+04 1.149777442147401416e+04 9.425636582626153540e+03 7.913010605279246192e+03 1.651568700270169302e+03 4.132982591778835922e+04 1.345382954157450149e+04
-1.151405998550839627e+01 9.950882445264014677e+03 7.406512469357834198e+04 -3.667251985917386037e+01 1.149777442147401416e+04 4.705006367794644575e+03 3.333013329573271221e+03 2.554995018135200553e+03 -2.836695509001316964e+02 1.420354742443585928e+04 4.757428615328677552e+03
-7.331332127573713997e+00 7.118005807038788589e+03 6.071705038017798506e+04 -3.785355112688695556e+01 9.425636582626153540e+03 3.333013329573271221e+03 3.820339064149849037e+03 3.321068222171374600e+03 -1.921485816129065142e+03 1.015999672429080420e+04 5.453020611343138626e+03
-3.356313901775235253e-01 5.866963137688883762e+03 5.097317930390217225e+04 -3.358895839546062945e+01 7.913010605279246192e+03 2.554995018135200553e+03 3.321068222171374600e+03 3.517790434780035412e+03 -2.364528178754050714e+03 8.374301437280231767e+03 4.740378579775943763e+03
8.086686286429518589e+00 3.722658690055705392e+03 1.063889734147691524e+04 3.509225134337847862e+01 1.651568700270169302e+03 -2.836695509001316964e+02 -1.921485816129065142e+03 -2.364528178754050714e+03 7.203303714434966423e+03 5.313595004266137948e+03 -2.742662780400870815e+03
-2.750683459073921711e+01 3.750907048830265558e+04 2.662340204246630310e+05 -9.131747386106944475e+01 4.132982591778835922e+04 1.420354742443585928e+04 1.015999672429080420e+04 8.374301437280231767e+03 5.313595004266137948e+03 5.353915740213320532e+04 1.450202995557030226e+04
-1.046449137863578827e+01 1.015999672429080420e+04 8.666542985412973212e+04 -5.403085722009866032e+01 1.345382954157450149e+04 4.757428615328677552e+03 5.453020611343138626e+03 4.740378579775943763e+03 -2.742662780400870815e+03 1.450202995557030226e+04 7.783454109288651125e+03
