2.260641355628656424e-01 2.018998912135257395e+00 2.272534392921480517e+01 -6.140819804454955393e-03 2.053188662574592094e+00 9.046065943443715174e-01 5.796831418653916046e-01 6.693256137190420896e-01 1.724706840252362983e-01 2.532116193143436611e+00 7.270063701308668858e-01
2.018998912135257395e+00 1.638194515687339617e+03 1.791768845201957811e+04 -2.509238084477895647e+00 1.618826755881859071e+03 5.012546546081489396e+02 4.025327201202600236e+02 3.444030319172040890e+02 3.375348535956703699e+02 2.054532489224437086e+03 5.048341595234611532e+02
2.272534392921480517e+01 1.791768845201957811e+04 2.023040642933959607e+05 -3.340610495609018926e+01 1.827776127365803404e+04 5.649753591134752241e+03 5.225979182463954203e+03 4.414517071616896828e+03 2.793128532388375334e+03 2.247136875624948516e+04 6.554132562138288449e+03
-6.140819804454955393e-03 -2.509238084477895647e+00 -3.340610495609018926e+01 1.139613165523427687e-02 -3.018173725786650774e+00 -1.095499809807771507e+00 -1.391911259745037821e+00 -1.146264638802604319e+00 6.104479482979291438e-01 -3.146946909168541584e+00 -1.745657721277155572e+00
2.053188662574592094e+00 1.618826755881859071e+03 1.827776127365803404e+04 -3.018173725786650774e+00 1.651358603909862040e+03 5.104437607540650106e+02 4.721566037331503480e+02 3.988426503210669694e+02 2.523534892882727831e+02 2.030242521590673050e+03 5.921525637415625170e+02
9.046065943443715174e-01 5.012546546081489396e+02 5.649753591134752241e+03 -1.095499809807771507e+00 5.104437607540650106e+02 1.882667590598196057e+02 1.449262207645520562e+02 1.127844956787471062e+02 5.656753268167486937e+01 6.286457214974394674e+02 1.817584091815590739e+02
5.796831418653916046e-01 4.025327201202600236e+02 5.225979182463954203e+03 -1.391911259745037821e+00 4.721566037331503480e+02 1.449262207645520562e+02 2.059877275564201113e+02 1.688562952222384013e+02 -3.394075178584233754e+01 5.048341595234611532e+02 2.583383564000096158e+02
6.693256137190420896e-01 3.444030319172040890e+02 4.414517071616896828e+03 -1.146264638802604319e+00 3.988426503210669694e+02 1.127844956787471062e+02 1.688562952222384013e+02 1.616811502612602567e+02 -3.888249997244081868e+01 4.319311361901448549e+02 2.117701782187959054e+02
1.724706840252362983e-01 3.375348535956703699e+02 2.793128532388375334e+03 6.104479482979291438e-01 2.523534892882727831e+02 5.656753268167486937e+01 -3.394075178584233754e+01 -3.888249997244081868e+01 2.544776715616483216e+02 4.233174487627653662e+02 -4.256660401738538013e+01
2.532116193143436611e+00 2.054532489224437086e+03 2.247136875624948516e+04 -3.146946909168541584e+00 2.030242521590673050e+03 6.286457214974394674e+02 5.048341595234611532e+02 4.319311361901448549e+02 4.233174487627653662e+02 2.576680430106132462e+03 6.331349375663636465e+02
7.270063701308668858e-01 5.048341595234611532e+02 6.554132562138288449e+03 -1.745657721277155572e+00 5.921525637415625170e+02 1.817584091815590739e+02 2.583383564000096158e+02 2.117701782187959054e+02 -4.256660401738538013e+01 6.331349375663636465e+02 3.239936047606458374e+02
