2.524222596692043297e+00 -1.375583615342340593e+01 -1.127762831204279621e+02 7.910318264939404653e-02 -1.609825621677143914e+01 -8.244507258749962375e+00 -5.201090683844266316e+00 -6.074537470095094926e-01 5.750272379815405621e+00 -1.914572282894538091e+01 -7.239010375702251920e+00
-1.375583615342340593e+01 1.598217154228656182e+04 1.212959232017880568e+05 -3.504066888423544412e+01 1.731439266948600198e+04 5.655210124805381383e+03 4.331220874504642779e+03 3.635613310583658858e+03 2.574578583498625449e+03 2.224439308090516715e+04 6.028303437851787749e+03
-1.127762831204279621e+02 1.212959232017880568e+05 9.577712400932961609e+05 -3.293972176350242762e+02 1.367171039287775930e+05 4.489351406899233552e+04 3.941401086280903110e+04 3.345740025993224117e+04 1.027667644164829835e+04 1.688227527575289132e+05 5.485742336125340080e+04
7.910318264939404653e-02 -3.504066888423544412e+01 -3.293972176350242762e+02 2.306199737533863314e-01 -4.701982242948850654e+01 -1.887379236389710613e+01 -2.065604464205175361e+01 -1.816911391034589229e+01 1.659450237730306554e+01 -4.877049469882359034e+01 -2.874960860598962853e+01
-1.609825621677143914e+01 1.731439266948600198e+04 1.367171039287775930e+05 -4.701982242948850654e+01 1.951568988942645228e+04 6.408326927942202019e+03 5.626154966665874781e+03 4.775878286007311544e+03 1.466944696500169584e+03 2.409861234927569967e+04 7.830625661942895931e+03
-8.244507258749962375e+00 5.655210124805381383e+03 4.489351406899233552e+04 -1.887379236389710613e+01 6.408326927942202019e+03 2.546460256553788895e+03 1.879659374002178993e+03 1.445157929610609699e+03 1.252504273074531049e+01 7.871065370462665669e+03 2.616157751960319274e+03
-5.201090683844266316e+00 4.331220874504642779e+03 3.941401086280903110e+04 -2.065604464205175361e+01 5.626154966665874781e+03 1.879659374002178993e+03 2.324348370341735972e+03 2.016718663782122121e+03 -9.312991362732462903e+02 6.028303437851787749e+03 3.235087213902203075e+03
-6.074537470095094926e-01 3.635613310583658858e+03 3.345740025993224117e+04 -1.816911391034589229e+01 4.775878286007311544e+03 1.445157929610609699e+03 2.016718663782122121e+03 2.108659701494128512e+03 -1.152667162647320993e+03 5.060139127953793832e+03 2.806920359481334799e+03
5.750272379815405621e+00 2.574578583498625449e+03 1.027667644164829835e+04 1.659450237730306554e+01 1.466944696500169584e+03 1.252504273074531049e+01 -9.312991362732462903e+02 -1.152667162647320993e+03 3.870640913048197490e+03 3.583363992652393790e+03 -1.296205838384193839e+03
-1.914572282894538091e+01 2.224439308090516715e+04 1.688227527575289132e+05 -4.877049469882359034e+01 2.409861234927569967e+04 7.871065370462665669e+03 6.028303437851787749e+03 5.060139127953793832e+03 3.583363992652393790e+03 3.096031238487313385e+04 8.390346138367258391e+03
-7.239010375702251920e+00 6.028303437851787749e+03 5.485742336125340080e+04 -2.874960860598962853e+01 7.830625661942895931e+03 2.616157751960319274e+03 3.235087213902203075e+03 2.806920359481334799e+03 -1.296205838384193839e+03 8.390346138367258391e+03 4.502676713652348553e+03
