5.185608632554329134e+00 8.373375203612413387e+00 3.842377951331886266e+01 9.550556601101690968e-03 9.727393559184870142e+00 -2.426481524331436934e-01 1.505227072727475690e+00 3.620971785928133180e+00 9.373735428454599727e+00 1.457820517988021614e+01 2.620628907094114890e+00
8.373375203612413387e+00 1.229063163220165006e+04 7.093524287748281495e+04 -4.291204668885254137e+01 1.795802061706242966e+04 2.716123381017089287e+03 5.936983143700152141e+03 7.875226249053505853e+03 -2.374139879359277927e+02 2.139822298268239319e+04 1.033640035394710321e+04
3.842377951331886266e+01 7.093524287748281495e+04 4.300278082780811819e+05 -3.067829182858503145e+02 1.088661705198631535e+05 1.925775172305508022e+04 3.955449562470371893e+04 5.189138769161042001e+04 -1.178864381395248529e+04 1.234996044016338274e+05 6.886512773903131892e+04
9.550556601101690968e-03 -4.291204668885254137e+01 -3.067829182858503145e+02 4.909786257179555857e-01 -7.766539942712573463e+01 -2.801474351379428995e+01 -3.588840026328103505e+01 -4.959991653989684579e+01 5.568889634190309579e+01 -7.471068787754870755e+01 -6.248238612191494923e+01
9.727393559184870142e+00 1.795802061706242966e+04 1.088661705198631535e+05 -7.766539942712573463e+01 2.756064341772945045e+04 4.875307230260727920e+03 1.001364651916084767e+04 1.313686359858401011e+04 -2.984422130249235579e+03 3.126525478842901066e+04 1.743394867724807409e+04
-2.426481524331436934e-01 2.716123381017089287e+03 1.925775172305508022e+04 -2.801474351379428995e+01 4.875307230260727920e+03 2.008440647236451241e+03 2.230502003969388170e+03 2.843709862911885921e+03 -3.130166387131148440e+03 4.728822366069863165e+03 3.883346330159854460e+03
1.505227072727475690e+00 5.936983143700152141e+03 3.955449562470371893e+04 -3.588840026328103505e+01 1.001364651916084767e+04 2.230502003969388170e+03 4.224228073934169515e+03 5.455487924246428520e+03 -2.786365729947300224e+03 1.033640035394710321e+04 7.354461264539450895e+03
3.620971785928133180e+00 7.875226249053505853e+03 5.189138769161042001e+04 -4.959991653989684579e+01 1.313686359858401011e+04 2.843709862911885921e+03 5.455487924246428520e+03 7.578509675689086180e+03 -4.252311363277791315e+03 1.371091839371430069e+04 9.498108036734376583e+03
9.373735428454599727e+00 -2.374139879359277927e+02 -1.178864381395248529e+04 5.568889634190309579e+01 -2.984422130249235579e+03 -3.130166387131148440e+03 -2.786365729947300224e+03 -4.252311363277791315e+03 9.281392434118924939e+03 -4.133422597867588024e+02 -4.851115628956205910e+03
1.457820517988021614e+01 2.139822298268239319e+04 1.234996044016338274e+05 -7.471068787754870755e+01 3.126525478842901066e+04 4.728822366069863165e+03 1.033640035394710321e+04 1.371091839371430069e+04 -4.133422597867588024e+02 3.725471241176360490e+04 1.799586923039338944e+04
2.620628907094114890e+00 1.033640035394710321e+04 6.886512773903131892e+04 -6.248238612191494923e+01 1.743394867724807409e+04 3.883346330159854460e+03 7.354461264539450895e+03 9.498108036734376583e+03 -4.851115628956205910e+03 1.799586923039338944e+04 1.280425667008011260e+04
