6.118219627052335907e-01 2.335127990214848293e+00 2.323016486724059959e+01 -6.933356324681495125e-03 2.428066989723667746e+00 1.023334058091416532e+00 6.749531826779240351e-01 1.214311518155690939e+00 4.642190329470287091e-01 3.011222090694548381e+00 8.703736764670272352e-01
2.335127990214848293e+00 4.457910678805769749e+03 4.299901425811678200e+04 -7.378514437215510036e+00 4.494349812300425583e+03 1.434458834849725235e+03 1.094966960328643609e+03 9.234088413453406474e+02 8.989096207444242737e+02 5.748618135971208176e+03 1.411994851390955546e+03
2.323016486724059959e+01 4.299901425811678200e+04 4.289612661503532436e+05 -8.719166263599173305e+01 4.483595773693972296e+04 1.429095837157442475e+04 1.260096878100369941e+04 1.055975792551945960e+04 6.299701034798999899e+03 5.544860159901479346e+04 1.624935152013640982e+04
-6.933356324681495125e-03 -7.378514437215510036e+00 -8.719166263599173305e+01 3.666227161300715520e-02 -9.113460840053082990e+00 -3.413979438303194947e+00 -4.111449614475064962e+00 -3.418659926547620742e+00 2.106757772706203902e+00 -9.514829920653626871e+00 -5.301845532991884546e+00
2.428066989723667746e+00 4.494349812300425583e+03 4.483595773693972296e+04 -9.113460840053082990e+00 4.686351110974289440e+03 1.493721825559164017e+03 1.317080464583372304e+03 1.103728698653541642e+03 6.584583542622285677e+02 5.795607561906176670e+03 1.698417305944240752e+03
1.023334058091416532e+00 1.434458834849725235e+03 1.429095837157442475e+04 -3.413979438303194947e+00 1.493721825559164017e+03 5.655485840624168077e+02 4.176013062199813248e+02 3.205605370178498106e+02 1.429542054336213539e+02 1.849780461624305872e+03 5.385102159975433551e+02
6.749531826779240351e-01 1.094966960328643609e+03 1.260096878100369941e+04 -4.111449614475064962e+00 1.317080464583372304e+03 4.176013062199813248e+02 5.616023548025523269e+02 4.640102095226096139e+02 -1.194113631482363758e+02 1.411994851390955546e+03 7.242041652765810795e+02
1.214311518155690939e+00 9.234088413453406474e+02 1.055975792551945960e+04 -3.418659926547620742e+00 1.103728698653541642e+03 3.205605370178498106e+02 4.640102095226096139e+02 4.535790731666261308e+02 -1.439451558052945757e+02 1.190765180090156264e+03 5.983559783777560597e+02
4.642190329470287091e-01 8.989096207444242737e+02 6.299701034798999899e+03 2.106757772706203902e+00 6.584583542622285677e+02 1.429542054336213539e+02 -1.194113631482363758e+02 -1.439451558052945757e+02 7.594131418675643772e+02 1.159172653004953190e+03 -1.539847649031157175e+02
3.011222090694548381e+00 5.748618135971208176e+03 5.544860159901479346e+04 -9.514829920653626871e+00 5.795607561906176670e+03 1.849780461624305872e+03 1.411994851390955546e+03 1.190765180090156264e+03 1.159172653004953190e+03 7.413026606910378177e+03 1.820812437807409196e+03
8.703736764670272352e-01 1.411994851390955546e+03 1.624935152013640982e+04 -5.301845532991884546e+00 1.698417305944240752e+03 5.385102159975433551e+02 7.242041652765810795e+02 5.983559783777560597e+02 -1.539847649031157175e+02 1.820812437807409196e+03 9.338843908308446089e+02
