5.294317434374795184e+00 -6.274661444983308023e+00 -4.900233974052436992e+01 4.479763532601915149e-02 -8.602159976607262948e+00 -4.591897004458473930e+00 -3.413619107787663420e+00 2.790187539112858328e+00 7.324031226754845747e+00 -9.332638652295406345e+00 -5.077257778588919024e+00
-6.274661444983308023e+00 2.773115524602831647e+04 1.855091913495584449e+05 -8.153695823591283443e+01 3.256537850171780519e+04 1.024254094046718819e+04 8.846206613510592433e+03 8.060053772444238348e+03 2.365944632799318242e+03 4.124602635394901881e+04 1.315743494550567084e+04
-4.900233974052436992e+01 1.855091913495584449e+05 1.297538185471073026e+06 -6.787174647858669232e+02 2.277775123857666622e+05 7.339249506882971036e+04 7.054212301111980923e+04 6.508507896948674170e+04 -3.712248308377638750e+03 2.759177151986668468e+05 1.049210622120358312e+05
4.479763532601915149e-02 -8.153695823591283443e+01 -6.787174647858669232e+02 7.006954717549360723e-01 -1.191460702064598394e+02 -4.974495343486271537e+01 -5.278740845177949836e+01 -5.152361477761976971e+01 5.934380414013166671e+01 -1.212742670971474865e+02 -7.851352822636549433e+01
-8.602159976607262948e+00 3.256537850171780519e+04 2.277775123857666622e+05 -1.191460702064598394e+02 3.998540908436697646e+04 1.288375181690201498e+04 1.238338068027658301e+04 1.142541895652855965e+04 -6.516699812834757495e+02 4.843622445554447040e+04 1.841846260490079658e+04
-4.591897004458473930e+00 1.024254094046718819e+04 7.339249506882971036e+04 -4.974495343486271537e+01 1.288375181690201498e+04 5.144436679336378802e+03 4.246739758400573010e+03 3.648588126068817473e+03 -1.847550506997995853e+03 1.523427746928852139e+04 6.316402560201306187e+03
-3.413619107787663420e+00 8.846206613510592433e+03 7.054212301111980923e+04 -5.278740845177949836e+01 1.238338068027658301e+04 4.246739758400573010e+03 5.105397379502334843e+03 4.814827110688394896e+03 -3.171170762998657210e+03 1.315743494550567266e+04 7.593529840142328794e+03
2.790187539112858328e+00 8.060053772444238348e+03 6.508507896948674170e+04 -5.152361477761976971e+01 1.142541895652855965e+04 3.648588126068817473e+03 4.814827110688394896e+03 5.353282214350087088e+03 -3.940094599785230002e+03 1.198814789225538334e+04 7.161349180561250250e+03
7.324031226754845747e+00 2.365944632799318242e+03 -3.712248308377638750e+03 5.934380414013166671e+01 -6.516699812834757495e+02 -1.847550506997995853e+03 -3.171170762998657210e+03 -3.940094599785230002e+03 1.028263583502437177e+04 3.518995649862124992e+03 -4.716651423393125697e+03
-9.332638652295406345e+00 4.124602635394901881e+04 2.759177151986668468e+05 -1.212742670971474865e+02 4.843622445554447040e+04 1.523427746928852139e+04 1.315743494550567266e+04 1.198814789225538334e+04 3.518995649862124992e+03 6.134741502463405050e+04 1.956975480098044500e+04
-5.077257778588919024e+00 1.315743494550567084e+04 1.049210622120358312e+05 -7.851352822636549433e+01 1.841846260490079658e+04 6.316402560201306187e+03 7.593529840142328794e+03 7.161349180561250250e+03 -4.716651423393125697e+03 1.956975480098044500e+04 1.129426196374801293e+04
