2.335306330627306970e+00 1.574298339204376784e+00 1.469341831454001834e+01 -6.562032302949261792e-03 4.703835143857498124e+00 3.124071307889882299e+00 2.854111011216920346e+00 1.511180187315630974e+00 2.297047978311853034e-01 3.133986003671848763e+00 5.681733721830674710e+00
1.574298339204376784e+00 4.020224071485280547e+03 2.106935989642706045e+04 -1.062629323933125569e+01 6.744978834593145621e+03 5.270809295046507259e+01 2.290471362597443658e+03 3.648859878425942043e+03 3.620534381815983807e+02 8.003137434564653631e+03 4.559685425203052546e+03
1.469341831454001834e+01 2.106935989642706045e+04 1.151996808700264082e+05 -6.695105542092365170e+01 3.687911797225411283e+04 1.351256406537013390e+03 1.345560159452441076e+04 2.101684819853768204e+04 -6.261663786141299397e+02 4.194318025838625181e+04 2.678632506817981994e+04
-6.562032302949261792e-03 -1.062629323933125569e+01 -6.695105542092365170e+01 1.005536148494662885e-01 -2.143318325699976157e+01 -5.762027916907861425e+00 -9.474840765620774263e+00 -1.519423270719378039e+01 1.238074715012577798e+01 -2.115396647106132022e+01 -1.886174787015387366e+01
4.703835143857498124e+00 6.744978834593145621e+03 3.687911797225411283e+04 -2.143318325699976157e+01 1.180619019201910123e+04 4.325805770561701138e+02 4.307570254052930068e+03 6.728168153463128874e+03 -2.004559697801909692e+02 1.342735918362263328e+04 8.575163010625834431e+03
3.124071307889882299e+00 5.270809295046507259e+01 1.351256406537013390e+03 -5.762027916907861425e+00 4.325805770561701138e+02 6.477109028965148809e+02 3.565981932958164862e+02 4.994604520988077638e+02 -1.144669478556430249e+03 1.049270150856376773e+02 7.098868866802961293e+02
2.854111011216920346e+00 2.290471362597443658e+03 1.345560159452441076e+04 -9.474840765620774263e+00 4.307570254052930068e+03 3.565981932958164862e+02 1.745932478885275486e+03 2.654171674909341618e+03 -5.603495556984503310e+02 4.559685425203052546e+03 3.475661388900314705e+03
1.511180187315630974e+00 3.648859878425942043e+03 2.101684819853768204e+04 -1.519423270719378039e+01 6.728168153463128874e+03 4.994604520988077638e+02 2.654171674909341618e+03 4.238454400773026464e+03 -9.623168581314071162e+02 7.263855587960503726e+03 5.283710636899978454e+03
2.297047978311853034e-01 3.620534381815983807e+02 -6.261663786141299397e+02 1.238074715012577798e+01 -2.004559697801909692e+02 -1.144669478556430249e+03 -5.603495556984503310e+02 -9.623168581314071162e+02 2.735308507839443791e+03 7.207467476690862895e+02 -1.115498645326779069e+03
3.133986003671848763e+00 8.003137434564653631e+03 4.194318025838625181e+04 -2.115396647106132022e+01 1.342735918362263328e+04 1.049270150856376773e+02 4.559685425203052546e+03 7.263855587960503726e+03 7.207467476690862895e+02 1.593199972380310646e+04 9.077053534182590738e+03
5.681733721830674710e+00 4.559685425203052546e+03 2.678632506817981994e+04 -1.886174787015387366e+01 8.575163010625834431e+03 7.098868866802961293e+02 3.475661388900314705e+03 5.283710636899978454e+03 -1.115498645326779069e+03 9.077053534182590738e+03 6.919066021387789988e+03
