3.469010625385464675e-01 1.381805896939709566e+00 1.489277336169395838e+01 -4.000336927699127756e-03 1.413969301870390494e+00 6.015668832281181322e-01 3.955312455992517351e-01 7.047182201958667180e-01 2.684800358299476719e-01 1.748637433981252487e+00 5.005339345387540551e-01
1.381805896939709566e+00 2.659130415514047854e+03 2.781705376149621952e+04 -4.352147134923741945e+00 2.641043352502886137e+03 8.552177990550412687e+02 6.478288886331024514e+02 5.397613679672598437e+02 5.232059886446547807e+02 3.365056551505564130e+03 8.198096765885654804e+02
1.489277336169395838e+01 2.781705376149621952e+04 3.005517241629742784e+05 -5.556897318902868221e+01 2.853537761366460836e+04 9.225322259201255292e+03 8.062795774759147207e+03 6.670218235241929506e+03 3.985596062497270850e+03 3.520171799682490382e+04 1.020324674074313407e+04
-4.000336927699127756e-03 -4.352147134923741945e+00 -5.556897318902868221e+01 2.127458482145737351e-02 -5.275902635290494302e+00 -1.988378738335486284e+00 -2.411104932996627426e+00 -1.973409630704684004e+00 1.224512322399861075e+00 -5.507522739030526360e+00 -3.051187111324597190e+00
1.413969301870390494e+00 2.641043352502886137e+03 2.853537761366460836e+04 -5.275902635290494302e+00 2.709243401687805544e+03 8.758826954235236144e+02 7.655085749228761642e+02 6.332926441805059312e+02 3.784057102837448383e+02 3.342167869728954429e+03 9.687300894491625058e+02
6.015668832281181322e-01 8.552177990550412687e+02 9.225322259201255292e+03 -1.988378738335486284e+00 8.758826954235236144e+02 3.330077944107283088e+02 2.458742591112812192e+02 1.870981517876668079e+02 8.550246053090580745e+01 1.082254650198495256e+03 3.111471260085033350e+02
3.955312455992517351e-01 6.478288886331024514e+02 8.062795774759147207e+03 -2.411104932996627426e+00 7.655085749228761642e+02 2.458742591112812192e+02 3.308110709306262720e+02 2.692257323498341748e+02 -7.265976164355366507e+01 8.198096765885654804e+02 4.186323299718559952e+02
7.047182201958667180e-01 5.397613679672598437e+02 6.670218235241929506e+03 -1.973409630704684004e+00 6.332926441805059312e+02 1.870981517876668079e+02 2.692257323498341748e+02 2.580915295512756416e+02 -8.325543787766414994e+01 6.830531954848520400e+02 3.406977744273432904e+02
2.684800358299476719e-01 5.232059886446547807e+02 3.985596062497270850e+03 1.224512322399861075e+00 3.784057102837448383e+02 8.550246053090580745e+01 -7.265976164355366507e+01 -8.325543787766414994e+01 4.364942735963971359e+02 6.621028173735844575e+02 -9.194893395336038111e+01
1.748637433981252487e+00 3.365056551505564130e+03 3.520171799682490382e+04 -5.507522739030526360e+00 3.342167869728954429e+03 1.082254650198495256e+03 8.198096765885654804e+02 6.830531954848520400e+02 6.621028173735844575e+02 4.258386699939839673e+03 1.037446643119500095e+03
5.005339345387540551e-01 8.198096765885654804e+02 1.020324674074313407e+04 -3.051187111324597190e+00 9.687300894491625058e+02 3.111471260085033350e+02 4.186323299718559952e+02 3.406977744273432904e+02 -9.194893395336038111e+01 1.037446643119500095e+03 5.297677227205522286e+02
