2.770004485437683073e+00 7.030663365291949241e+00 3.628677701929068888e+01 -3.989744111425100846e-03 1.032855707112869759e+01 2.188198934586867761e+00 3.050216852415435831e+00 2.770683985740826749e+00 4.599568202131944616e+00 1.304017734558469321e+01 5.657413338028134397e+00
7.030663365291949241e+00 5.338148869902551269e+03 2.940342097248831851e+04 -1.459414038304584160e+01 8.369299688404918925e+03 4.388416542545088532e+02 2.831951765011040152e+03 4.181657554439578234e+03 4.208229993522186874e+02 9.900972972807274346e+03 5.252584476195026582e+03
3.628677701929068888e+01 2.940342097248831851e+04 1.695403519297020684e+05 -9.802787776594156810e+01 4.825744650273720617e+04 3.846227319278591949e+03 1.771117715215454882e+04 2.567364183967619465e+04 -1.317280602957780502e+03 5.453622284647822380e+04 3.284994303714220587e+04
-3.989744111425100846e-03 -1.459414038304584160e+01 -9.802787776594156810e+01 1.408485388961946139e-01 -2.790235488615869031e+01 -8.211819271805843812e+00 -1.265745044534542352e+01 -1.895299401310241549e+01 1.666408761954259887e+01 -2.706859494095186136e+01 -2.347650427484241575e+01
1.032855707112869759e+01 8.369299688404918925e+03 4.825744650273720617e+04 -2.790235488615869031e+01 1.373585176896497433e+04 1.094778363881263886e+03 5.041255218551092184e+03 7.307666779660356951e+03 -3.749467162406648981e+02 1.552302343672445204e+04 9.350307172832586730e+03
2.188198934586867761e+00 4.388416542545088532e+02 3.846227319278591949e+03 -8.211819271805843812e+00 1.094778363881263886e+03 7.553943419076829286e+02 6.309606854148634056e+02 8.515755673459783566e+02 -1.300948326539730033e+03 8.139449580759339824e+02 1.170279219528502153e+03
3.050216852415435831e+00 2.831951765011040152e+03 1.771117715215454882e+04 -1.265745044534542352e+01 5.041255218551092184e+03 6.309606854148634056e+02 2.090913574149170472e+03 2.954075566170455659e+03 -7.895954161014869896e+02 5.252584476195026582e+03 3.878138150632864381e+03
2.770683985740826749e+00 4.181657554439578234e+03 2.567364183967619465e+04 -1.895299401310241549e+01 7.307666779660356951e+03 8.515755673459783566e+02 2.954075566170455659e+03 4.426075119406747035e+03 -1.297434284959763545e+03 7.755961745742291896e+03 5.479094542527801423e+03
4.599568202131944616e+00 4.208229993522186874e+02 -1.317280602957780502e+03 1.666408761954259887e+01 -3.749467162406648981e+02 -1.300948326539730033e+03 -7.895954161014869896e+02 -1.297434284959763545e+03 3.440566822792325183e+03 7.805247182995987032e+02 -1.464508215263777402e+03
1.304017734558469321e+01 9.900972972807274346e+03 5.453622284647822380e+04 -2.706859494095186136e+01 1.552302343672445204e+04 8.139449580759339824e+02 5.252584476195026582e+03 7.755961745742291896e+03 7.805247182995987032e+02 1.836390632733508755e+04 9.742271750683374194e+03
5.657413338028134397e+00 5.252584476195026582e+03 3.284994303714220587e+04 -2.347650427484241575e+01 9.350307172832586730e+03 1.170279219528502153e+03 3.878138150632864381e+03 5.479094542527801423e+03 -1.464508215263777402e+03 9.742271750683374194e+03 7.193006780069384149e+03
