1.291903460726449682e+00 -3.142297800191805823e+00 -2.824427671894908443e+01 1.467806951266621002e-02 -3.387748576645251752e+00 -1.818578357240603127e+00 -9.694144542145657351e-01 1.095912469303101711e+00 1.392523871248816381e+00 -4.178008085040896269e+00 -1.288936213243932150e+00
-3.142297800191805823e+00 8.872988656704425011e+03 7.640106575722526759e+04 -1.600650767134840180e+01 9.163895551255987812e+03 2.981600672117562226e+03 2.210510987445990850e+03 1.832017202199042231e+03 1.720257440382611776e+03 1.179755093356345787e+04 2.939101690825531477e+03
-2.824427671894908443e+01 7.640106575722526759e+04 6.818313071715426631e+05 -1.698153915964802820e+02 8.178198589992125926e+04 2.659970116797211449e+04 2.280126131946442911e+04 1.894063882848754292e+04 1.012443308268936198e+04 1.015830741503698518e+05 3.031662184788395825e+04
1.467806951266621002e-02 -1.600650767134840180e+01 -1.698153915964802820e+02 8.731715998903542830e-02 -2.036843983997189156e+01 -7.838679951861740491e+00 -9.014293733434598721e+00 -7.577923714961299240e+00 5.433077912232485041e+00 -2.128229808774988996e+01 -1.198543056515024219e+01
-3.387748576645251752e+00 9.163895551255987812e+03 8.178198589992125926e+04 -2.036843983997189156e+01 9.809307885083968358e+03 3.190490613998618301e+03 2.734888251852756639e+03 2.271827417301556125e+03 1.214371113359394940e+03 1.218434156726991023e+04 3.636315191776766824e+03
-1.818578357240603127e+00 2.981600672117562226e+03 2.659970116797211449e+04 -7.838679951861740491e+00 3.190490613998618301e+03 1.234348472454609464e+03 8.883877429754052173e+02 6.691833586720906624e+02 2.334523699826067116e+02 3.964344726877941866e+03 1.181202867715438515e+03
-9.694144542145657351e-01 2.210510987445990850e+03 2.280126131946442911e+04 -9.014293733434598721e+00 2.734888251852756639e+03 8.883877429754052173e+02 1.142690043459414483e+03 9.538705587056891773e+02 -3.080242518192550847e+02 2.939101690825531477e+03 1.519323929125288714e+03
1.095912469303101711e+00 1.832017202199042231e+03 1.894063882848754292e+04 -7.577923714961299240e+00 2.271827417301556125e+03 6.691833586720906624e+02 9.538705587056891773e+02 9.568366061698957310e+02 -3.841723287843716435e+02 2.435855278342615293e+03 1.268269005602073548e+03
1.392523871248816381e+00 1.720257440382611776e+03 1.012443308268936198e+04 5.433077912232485041e+00 1.214371113359394940e+03 2.334523699826067116e+02 -3.080242518192550847e+02 -3.841723287843716435e+02 1.689676172691554029e+03 2.287259181428188640e+03 -4.095499205743536777e+02
-4.178008085040896269e+00 1.179755093356345787e+04 1.015830741503698518e+05 -2.128229808774988996e+01 1.218434156726991023e+04 3.964344726877941866e+03 2.939101690825531477e+03 2.435855278342615293e+03 2.287259181428188640e+03 1.568605724801169890e+04 3.907837960576774549e+03
-1.288936213243932150e+00 2.939101690825531477e+03 3.031662184788395825e+04 -1.198543056515024219e+01 3.636315191776766824e+03 1.181202867715438515e+03 1.519323929125288714e+03 1.268269005602073548e+03 -4.095499205743536777e+02 3.907837960576774549e+03 2.020097413839671844e+03
